i_doc,doc,Topic 1,Topic 2,Topic 3,Topic 4,Topic 5,Topic 6
0,87fcecde-b317-4518-bea1-cc8d14a18107.FPKM.txt.gz,0.21357285429141717,0.013972055888223553,0.5828343313373253,0.1317365269461078,0.041916167664670656,0.015968063872255488
1,bbf9a30d-3067-491b-9aea-0cb9bed91969.FPKM.txt.gz,0.18840579710144928,0.005434782608695652,0.572463768115942,0.17753623188405798,0.036231884057971016,0.019927536231884056
2,c909a75f-23e8-4c96-82f2-72e46fdb8155.FPKM.txt.gz,0.1449814126394052,0.0055762081784386614,0.5390334572490706,0.26394052044609667,0.01858736059479554,0.027881040892193308
3,1c89ff2f-6e0a-4244-952b-1391dba1b815.FPKM.txt.gz,0.21513353115727002,0.008902077151335312,0.4836795252225519,0.2344213649851632,0.02225519287833828,0.03560830860534125
4,2a6ae2e8-733f-4349-8eec-d25e2b4abf86.FPKM.txt.gz,0.2256,0.0064,0.5104,0.2112,0.032,0.0144
5,0a2c1866-d6e1-4add-bcb0-b297ba1394ac.FPKM.txt.gz,0.19636363636363635,0.005454545454545455,0.5763636363636364,0.17454545454545456,0.034545454545454546,0.012727272727272728
6,cf1a1478-68c1-431b-86cb-c4ddb105accf.FPKM.txt.gz,0.21898928024502298,0.007656967840735069,0.5038284839203675,0.2113323124042879,0.030627871362940276,0.027565084226646247
7,eab58571-a6f1-4bc4-aa01-0df9c4beb79f.FPKM.txt.gz,0.1989342806394316,0.003552397868561279,0.5435168738898757,0.20071047957371227,0.03019538188277087,0.023090586145648313
8,07ad35fc-1e35-43b3-a252-193323d5e680.FPKM.txt.gz,0.22044728434504793,0.006389776357827476,0.512779552715655,0.2108626198083067,0.03194888178913738,0.01757188498402556
9,700fa398-8999-430e-a52d-0e7a40a2d45b.FPKM.txt.gz,0.19864176570458403,0.006791171477079796,0.5398981324278438,0.2071307300509338,0.03225806451612903,0.015280135823429542
10,c56cda8a-0755-4715-9c46-5bc6280a5bf0.FPKM.txt.gz,0.19210977701543738,0.0,0.5317324185248714,0.23842195540308747,0.018867924528301886,0.018867924528301886
11,8970e6da-5904-483d-8770-0ede67f98cf4.FPKM.txt.gz,0.23233908948194662,0.006279434850863423,0.5007849293563579,0.21350078492935637,0.0282574568288854,0.018838304552590265
12,74dfc8ec-405b-4ffa-a282-daac57bf4d01.FPKM.txt.gz,0.17773788150807898,0.012567324955116697,0.5350089766606823,0.22621184919210055,0.03770197486535009,0.010771992818671455
13,ec27c2ca-312a-4e06-bc8f-ca8cb085ab3e.FPKM.txt.gz,0.1936127744510978,0.011976047904191617,0.5808383233532934,0.15169660678642716,0.03992015968063872,0.021956087824351298
14,78e16228-2d9f-4e19-bbd2-b0bb85e8faa2.FPKM.txt.gz,0.2198952879581152,0.0,0.5479930191972077,0.17452006980802792,0.034904013961605584,0.02268760907504363
15,512b0f65-4ee9-4d01-b453-075499fe9d83.FPKM.txt.gz,0.23042168674698796,0.009036144578313253,0.4789156626506024,0.22590361445783133,0.03162650602409638,0.024096385542168676
16,6632e6de-5170-4096-a298-078b6bfd3760.FPKM.txt.gz,0.2220496894409938,0.006211180124223602,0.5046583850931677,0.2111801242236025,0.029503105590062112,0.026397515527950312
17,b44cdb13-1812-4bf6-825e-edae5bc5376a.FPKM.txt.gz,0.16366906474820145,0.0035971223021582736,0.5611510791366906,0.22661870503597123,0.025179856115107913,0.019784172661870502
18,e54638eb-8b35-4cf1-af4e-3411dfbd1ba2.FPKM.txt.gz,0.20648967551622419,0.011799410029498525,0.4690265486725664,0.2581120943952802,0.029498525073746312,0.025073746312684365
19,c8c58445-3c7f-4c98-85b0-6a707c3d8473.FPKM.txt.gz,0.22549019607843138,0.004901960784313725,0.5261437908496732,0.18790849673202614,0.03104575163398693,0.024509803921568627
20,c3ed7c7a-b80a-4de2-8dfb-b60bcf336375.FPKM.txt.gz,0.2194767441860465,0.014534883720930232,0.4578488372093023,0.25290697674418605,0.027616279069767442,0.027616279069767442
21,24d7f10a-ac34-4f7e-8424-d2fc0d32ac58.FPKM.txt.gz,0.22429906542056074,0.009345794392523364,0.5046728971962616,0.2102803738317757,0.03115264797507788,0.020249221183800622
22,e6981360-42ea-402a-aead-f6f2b31ef30c.FPKM.txt.gz,0.23015873015873015,0.006349206349206349,0.5063492063492063,0.1984126984126984,0.03333333333333333,0.025396825396825397
23,ad778372-ad13-4d11-ac15-900de7d9637a.FPKM.txt.gz,0.18555008210180624,0.006568144499178982,0.5188834154351396,0.2413793103448276,0.016420361247947456,0.031198686371100164
24,3067f41a-e3f1-47f5-9545-56d54fa75b98.FPKM.txt.gz,0.22188905547226387,0.005997001499250375,0.4962518740629685,0.22338830584707647,0.031484257871064465,0.020989505247376312
25,63b48baa-7826-4b1e-ae67-7cdbd36a4e92.FPKM.txt.gz,0.1989342806394316,0.017761989342806393,0.5541740674955595,0.17761989342806395,0.035523978685612786,0.015985790408525755
26,720b9121-0bc4-4ff8-8a36-f146fea4da3c.FPKM.txt.gz,0.2079866888519135,0.0033277870216306157,0.5241264559068219,0.2079866888519135,0.033277870216306155,0.02329450915141431
27,2656413d-a5d2-4812-9ce9-a02c15ab04bd.FPKM.txt.gz,0.1951219512195122,0.014227642276422764,0.5223577235772358,0.21341463414634146,0.024390243902439025,0.03048780487804878
28,8e5a3c88-35f5-4620-86d7-53c014a2687b.FPKM.txt.gz,0.2191780821917808,0.0017123287671232876,0.535958904109589,0.1952054794520548,0.02910958904109589,0.018835616438356163
29,915d5363-e343-4154-86cb-dbef1a586192.FPKM.txt.gz,0.15689981096408318,0.003780718336483932,0.499054820415879,0.2835538752362949,0.01890359168241966,0.03780718336483932
30,7c4cee3c-a8d6-4016-84e3-106d18d1c2e8.FPKM.txt.gz,0.20491803278688525,0.00819672131147541,0.4885245901639344,0.24262295081967214,0.03114754098360656,0.02459016393442623
31,3ab61b3d-13bd-4fca-ac15-f70acbce447c.FPKM.txt.gz,0.16520210896309315,0.0017574692442882249,0.5483304042179262,0.2460456942003515,0.01054481546572935,0.028119507908611598
32,2d3e6de2-dc7c-4078-8d1c-aecac52b4a44.FPKM.txt.gz,0.24019607843137256,0.006535947712418301,0.46895424836601307,0.22712418300653595,0.021241830065359478,0.03594771241830065
33,00511204-3512-4a5e-b664-60271e968903.FPKM.txt.gz,0.24853228962818003,0.003913894324853229,0.49510763209393344,0.2035225048923679,0.015655577299412915,0.033268101761252444
34,f1d5de66-76f3-4911-a877-3571069649a8.FPKM.txt.gz,0.23400936037441497,0.0046801872074883,0.49297971918876754,0.21060842433697347,0.029641185647425898,0.028081123244929798
35,e3067466-096f-4bea-993f-b0469a7e11e3.FPKM.txt.gz,0.18929254302103252,0.0057361376673040155,0.5602294455066922,0.1950286806883365,0.03824091778202677,0.011472275334608031
36,67418961-d894-42a9-ae6a-21f41e6ca9bf.FPKM.txt.gz,0.20607028753993611,0.004792332268370607,0.5143769968051118,0.1645367412140575,0.03035143769968051,0.07987220447284345
37,96ddce60-2be5-4f57-814b-35722aa00fd9.FPKM.txt.gz,0.2180232558139535,0.00872093023255814,0.4694767441860465,0.24709302325581395,0.029069767441860465,0.027616279069767442
38,e8201ee9-2e0a-4a8e-bc99-6e2482da919d.FPKM.txt.gz,0.18835616438356165,0.011986301369863013,0.5308219178082192,0.20376712328767124,0.03595890410958904,0.02910958904109589
39,bf247059-bf60-4e1f-a865-6e715e2db9a2.FPKM.txt.gz,0.15228426395939088,0.00338409475465313,0.5363790186125211,0.25380710659898476,0.02030456852791878,0.0338409475465313
40,e91a54c8-5b35-47e6-a65d-0e3b07b31d40.FPKM.txt.gz,0.2366412213740458,0.00916030534351145,0.46564885496183206,0.22748091603053436,0.02748091603053435,0.03358778625954199
41,7f2c3de9-a1b9-413a-821c-02dbcad4ea0b.FPKM.txt.gz,0.22036474164133737,0.0121580547112462,0.4726443768996961,0.23404255319148937,0.030395136778115502,0.030395136778115502
42,d6bbcaba-61a7-4360-bc15-1426f8eafa82.FPKM.txt.gz,0.21061359867330018,0.001658374792703151,0.5373134328358209,0.20066334991708126,0.03482587064676617,0.014925373134328358
43,ab1f0023-6b52-41b6-9867-87599e4d6d60.FPKM.txt.gz,0.20333333333333334,0.011666666666666667,0.5366666666666666,0.19333333333333333,0.03333333333333333,0.021666666666666667
44,94dcaa51-315e-43d9-875c-4c4ae2e9bef3.FPKM.txt.gz,0.2074688796680498,0.004149377593360996,0.529045643153527,0.2095435684647303,0.022821576763485476,0.026970954356846474
45,6a818968-d75b-44b5-8b1e-53ff8274ea92.FPKM.txt.gz,0.22188449848024316,0.007598784194528876,0.48632218844984804,0.23252279635258358,0.028875379939209727,0.022796352583586626
46,f790ef4c-71bf-43a7-a610-4006a4c0a42c.FPKM.txt.gz,0.17801047120418848,0.006980802792321117,0.537521815008726,0.22164048865619546,0.031413612565445025,0.02443280977312391
47,ee6beadb-79ab-4f2f-87cc-bba566e6bc24.FPKM.txt.gz,0.20517241379310344,0.0034482758620689655,0.5224137931034483,0.2103448275862069,0.03103448275862069,0.027586206896551724
48,0d38dab7-b983-4829-9a5b-d79f0fee6f26.FPKM.txt.gz,0.22955523672883787,0.01291248206599713,0.4720229555236729,0.23385939741750358,0.027259684361549498,0.024390243902439025
49,ba65f95e-4a58-4378-925b-60f864c4f5de.FPKM.txt.gz,0.21656050955414013,0.009554140127388535,0.5270700636942676,0.20382165605095542,0.030254777070063694,0.012738853503184714
50,0b5a79f8-be5b-4b72-b5e9-a764a70b2b38.FPKM.txt.gz,0.1596330275229358,0.003669724770642202,0.544954128440367,0.25504587155963304,0.012844036697247707,0.023853211009174313
51,6f618400-b914-4103-bf46-9c026b470aa0.FPKM.txt.gz,0.17735849056603772,0.0037735849056603774,0.5679245283018868,0.18867924528301888,0.03773584905660377,0.024528301886792454
52,609420eb-0650-4187-8b48-cb1ea5fa0d8d.FPKM.txt.gz,0.22487223168654175,0.010221465076660987,0.534923339011925,0.1788756388415673,0.03236797274275979,0.018739352640545145
53,05eb3daf-d392-4ede-87d6-8f0aef8b6372.FPKM.txt.gz,0.2344931921331316,0.009077155824508321,0.4629349470499244,0.23600605143721634,0.028744326777609682,0.028744326777609682
54,27035d6f-4b2d-48ef-ae2b-b3cf52d67903.FPKM.txt.gz,0.2306338028169014,0.0035211267605633804,0.5264084507042254,0.18838028169014084,0.03345070422535211,0.017605633802816902
55,133909c8-05bc-41ea-97aa-44eb699da75f.FPKM.txt.gz,0.2310077519379845,0.004651162790697674,0.4930232558139535,0.2124031007751938,0.031007751937984496,0.027906976744186046
56,4dcd18d6-b7b2-4a92-bcbe-361c7278e84e.FPKM.txt.gz,0.22351233671988388,0.00725689404934688,0.46008708272859217,0.21770682148040638,0.027576197387518143,0.06386066763425254
57,26bfd2ed-0d81-48ae-afd5-cf61b249bc14.FPKM.txt.gz,0.21217105263157895,0.008223684210526315,0.5263157894736842,0.20723684210526316,0.03453947368421053,0.011513157894736841
58,9ae1330c-a197-416a-9d5f-3ca16b36ec90.FPKM.txt.gz,0.20465890183028287,0.011647254575707155,0.5074875207986689,0.23460898502495842,0.03161397670549085,0.009983361064891847
59,4f6e9a85-31c9-468b-b121-1e235f159010.FPKM.txt.gz,0.23003194888178913,0.006389776357827476,0.5047923322683706,0.2124600638977636,0.02875399361022364,0.01757188498402556
60,bf78430f-6c70-4e76-ade6-a434e0770d5f.FPKM.txt.gz,0.19967266775777415,0.0032733224222585926,0.5351882160392799,0.20949263502454993,0.027823240589198037,0.024549918166939442
61,8ddc8e8b-d131-4f4e-96ec-078ced613de6.FPKM.txt.gz,0.151618398637138,0.008517887563884156,0.5127768313458262,0.2708688245315162,0.020442930153321975,0.03577512776831346
62,ffd7b10e-8c0c-4aeb-81a0-b060108d57fa.FPKM.txt.gz,0.2265625,0.009375,0.478125,0.225,0.0328125,0.028125
63,6f2d3476-cfb8-4e9e-abd0-266cc679d0df.FPKM.txt.gz,0.15637065637065636,0.003861003861003861,0.5424710424710425,0.25096525096525096,0.015444015444015444,0.03088803088803089
64,26e8feed-d934-4dbc-8b04-d771b2a65915.FPKM.txt.gz,0.22274881516587677,0.007898894154818325,0.5086887835703001,0.2132701421800948,0.030015797788309637,0.017377567140600316
65,fe07bbb2-6d46-44b4-8363-1e1b8d648660.FPKM.txt.gz,0.2347266881028939,0.003215434083601286,0.5128617363344051,0.19614147909967847,0.03215434083601286,0.02090032154340836
66,fd3c752c-4a40-4ae9-bfb0-b0315eca3d1d.FPKM.txt.gz,0.20411985018726592,0.0056179775280898875,0.5786516853932584,0.15917602996254682,0.03745318352059925,0.0149812734082397
67,053e76fc-4063-4039-9bac-bfbe73929d0e.FPKM.txt.gz,0.18992248062015504,0.007751937984496124,0.5794573643410853,0.17054263565891473,0.031007751937984496,0.02131782945736434
68,ee7d6b4b-a341-4a9b-9a3a-38526e749cdd.FPKM.txt.gz,0.17311608961303462,0.002036659877800407,0.5539714867617108,0.23217922606924643,0.018329938900203666,0.020366598778004074
69,7e89a428-9132-4efa-b119-10241f0ecdcc.FPKM.txt.gz,0.19463087248322147,0.008389261744966443,0.5268456375838926,0.2231543624161074,0.03523489932885906,0.01174496644295302
70,148d950b-4202-4f3f-be15-84735cd08a48.FPKM.txt.gz,0.18078175895765472,0.003257328990228013,0.509771986970684,0.26547231270358307,0.017915309446254073,0.02280130293159609
71,648e4d91-e53f-47c8-b343-e224d2a72956.FPKM.txt.gz,0.18761061946902655,0.010619469026548672,0.5699115044247788,0.17876106194690267,0.035398230088495575,0.017699115044247787
72,aa42dd76-efb1-4fb7-9922-cf54540844e7.FPKM.txt.gz,0.17164179104477612,0.0018656716417910447,0.5447761194029851,0.23507462686567165,0.018656716417910446,0.027985074626865673
73,c1f0e689-1d11-4f7d-8386-616efe367e52.FPKM.txt.gz,0.19415807560137457,0.006872852233676976,0.5481099656357389,0.19072164948453607,0.03436426116838488,0.02577319587628866
74,d4675ebb-2444-4e2f-ade2-5c5af9882399.FPKM.txt.gz,0.15492957746478872,0.006036217303822937,0.5171026156941649,0.2676056338028169,0.02012072434607646,0.03420523138832998
75,900a1913-f3b7-46ca-88be-c180a5fb5265.FPKM.txt.gz,0.21766561514195584,0.006309148264984227,0.5078864353312302,0.21766561514195584,0.033123028391167195,0.017350157728706624
76,21feac5d-641f-4802-a910-51b73431de3c.FPKM.txt.gz,0.19963031423290203,0.011090573012939002,0.5360443622920518,0.19593345656192238,0.036968576709796676,0.02033271719038817
77,07858399-2ec0-4d01-b197-b362873e56a8.FPKM.txt.gz,0.15913200723327306,0.003616636528028933,0.5533453887884268,0.2423146473779385,0.0162748643761302,0.02531645569620253
78,0827bd64-de4e-45bc-9e75-a9bdce41f4a5.FPKM.txt.gz,0.20665499124343256,0.005253940455341506,0.5271453590192644,0.2171628721541156,0.02626970227670753,0.017513134851138354
79,999edb9e-8a45-4115-84d5-fca75dcfa639.FPKM.txt.gz,0.19392917369308602,0.011804384485666104,0.5413153456998314,0.20067453625632378,0.03204047217537943,0.02023608768971332
80,23393a6a-bfbc-4dec-9ab5-e78a487a095f.FPKM.txt.gz,0.20729684908789386,0.009950248756218905,0.5373134328358209,0.19071310116086235,0.03316749585406302,0.02155887230514096
81,4a9bb3fd-4e75-4585-82f7-7254889b9838.FPKM.txt.gz,0.22748091603053436,0.012213740458015267,0.4916030534351145,0.21374045801526717,0.030534351145038167,0.024427480916030534
82,22c16f46-950f-4389-bb16-b5cec4d8b94e.FPKM.txt.gz,0.19663865546218487,0.005042016806722689,0.5260504201680672,0.2134453781512605,0.03361344537815126,0.025210084033613446
83,90d19c5c-f80b-454b-b776-99d13f01617e.FPKM.txt.gz,0.20572450805008943,0.005366726296958855,0.5420393559928444,0.18962432915921287,0.03577817531305903,0.02146690518783542
84,c443bbe4-b053-47fa-a7a9-97457e44e2a0.FPKM.txt.gz,0.21869782971619364,0.00667779632721202,0.5358931552587646,0.18697829716193656,0.0333889816360601,0.018363939899833055
85,7bcc02ad-a4c7-44e1-8654-10c4598f936d.FPKM.txt.gz,0.2213375796178344,0.020700636942675158,0.5095541401273885,0.1735668789808917,0.03343949044585987,0.041401273885350316
86,acf02cd5-270d-40c0-864d-abebe048f309.FPKM.txt.gz,0.2018018018018018,0.009009009009009009,0.5495495495495496,0.18018018018018017,0.03423423423423423,0.025225225225225224
87,bdc7d527-3905-4905-b245-b282883ea3a6.FPKM.txt.gz,0.2036036036036036,0.0036036036036036037,0.5441441441441441,0.18558558558558558,0.03783783783783784,0.025225225225225224
88,f31566a9-ffde-40fa-b879-71827a3540a9.FPKM.txt.gz,0.22950819672131148,0.00894187779433681,0.47093889716840537,0.23248882265275708,0.028315946348733235,0.029806259314456036
89,e1f960fc-6efa-4492-9f44-8e645ec8bfc2.FPKM.txt.gz,0.17937219730941703,0.006726457399103139,0.5739910313901345,0.17488789237668162,0.04035874439461883,0.02466367713004484
90,3ec6ccd2-6cd9-4094-8a3d-98ae065ff95c.FPKM.txt.gz,0.1857707509881423,0.003952569169960474,0.5849802371541502,0.17588932806324112,0.039525691699604744,0.009881422924901186
91,552e9a21-3493-4567-8d55-40e7f8009a5f.FPKM.txt.gz,0.21052631578947367,0.0054446460980036296,0.5553539019963702,0.17422867513611615,0.034482758620689655,0.019963702359346643
92,471d762f-bd20-4665-9e2f-cc7ce8f94001.FPKM.txt.gz,0.17723880597014927,0.0037313432835820895,0.5541044776119403,0.22761194029850745,0.009328358208955223,0.027985074626865673
93,90c4dd6e-a5cd-44fb-ad0c-8a27d88429c5.FPKM.txt.gz,0.2222222222222222,0.014492753623188406,0.49114331723027377,0.22383252818035426,0.028985507246376812,0.01932367149758454
94,e1557786-4586-409f-9c5a-a559535f0aa0.FPKM.txt.gz,0.2230320699708455,0.0058309037900874635,0.48833819241982507,0.2259475218658892,0.029154518950437316,0.027696793002915453
95,5d6adefb-ceda-4ef2-a6b9-8077fd618ae6.FPKM.txt.gz,0.23127035830618892,0.004885993485342019,0.511400651465798,0.20521172638436483,0.03257328990228013,0.014657980456026058
96,5c006621-470c-4d58-9c59-804988b955d9.FPKM.txt.gz,0.19850187265917604,0.013108614232209739,0.5636704119850188,0.1647940074906367,0.03745318352059925,0.02247191011235955
97,5ec8fcf2-85bc-4c30-9329-62b1cc47b67f.FPKM.txt.gz,0.19152542372881357,0.001694915254237288,0.5220338983050847,0.25254237288135595,0.011864406779661017,0.020338983050847456
98,ec83d8bd-7f42-4be1-aa49-18b436bf7cce.FPKM.txt.gz,0.209009009009009,0.0036036036036036037,0.5657657657657658,0.16936936936936936,0.036036036036036036,0.016216216216216217
99,deaa56c1-8031-4c65-b3bc-1228407e06ea.FPKM.txt.gz,0.20654044750430292,0.0051635111876075735,0.5438898450946644,0.18588640275387264,0.03270223752151463,0.025817555938037865
100,7bda3c7f-9e51-4e8a-9398-e9dc1dee8c62.FPKM.txt.gz,0.1986644407345576,0.00667779632721202,0.5292153589315526,0.2370617696160267,0.01335559265442404,0.015025041736227046
101,b73518ee-287c-4130-9da2-61772aa195fc.FPKM.txt.gz,0.18218623481781376,0.006072874493927126,0.5789473684210527,0.1700404858299595,0.038461538461538464,0.024291497975708502
102,fa49537b-edee-4d4f-823d-b6c574d33900.FPKM.txt.gz,0.22935779816513763,0.009174311926605505,0.4892966360856269,0.21865443425076453,0.03058103975535168,0.022935779816513763
103,6cef5fb7-2c60-4ece-87e8-4acff9374fb2.FPKM.txt.gz,0.22392638036809817,0.012269938650306749,0.495398773006135,0.2147239263803681,0.032208588957055216,0.02147239263803681
104,2b5c518f-8327-478a-a282-01bfe59aca4c.FPKM.txt.gz,0.22632423756019263,0.009630818619582664,0.49759229534510435,0.21990369181380418,0.028892455858747994,0.01765650080256822
105,52fe6ec2-36d3-413b-81c7-b79870d74450.FPKM.txt.gz,0.19900497512437812,0.004975124378109453,0.5091210613598673,0.23051409618573798,0.026533996683250415,0.029850746268656716
106,906456e9-96d6-4be0-9d61-73647f6684d9.FPKM.txt.gz,0.22899505766062603,0.006589785831960461,0.5024711696869851,0.20922570016474465,0.032948929159802305,0.019769357495881382
107,e26f2b4a-ca55-4a0c-b8e7-4f1e21aa6dae.FPKM.txt.gz,0.18726591760299627,0.0056179775280898875,0.5730337078651685,0.1891385767790262,0.031835205992509365,0.013108614232209739
108,e740e34f-31fe-4fe4-8965-4e9ec5ec50fd.FPKM.txt.gz,0.21314741035856574,0.00597609561752988,0.5617529880478087,0.1693227091633466,0.0398406374501992,0.0099601593625498
109,98da76dd-0fb5-4313-a277-a122c205e843.FPKM.txt.gz,0.22420634920634921,0.011904761904761904,0.5416666666666666,0.17261904761904762,0.03968253968253968,0.00992063492063492
110,3f500570-271f-4da1-90d5-d60f353521e1.FPKM.txt.gz,0.22491909385113268,0.008090614886731391,0.5097087378640777,0.21197411003236247,0.030744336569579287,0.014563106796116505
111,0632152a-63d4-422f-a105-de29b83e3523.FPKM.txt.gz,0.19700214132762311,0.006423982869379015,0.588865096359743,0.16059957173447537,0.029978586723768737,0.017130620985010708
112,944b1e8d-7219-40a4-ab27-385192062cbf.FPKM.txt.gz,0.21052631578947367,0.007974481658692184,0.4944178628389155,0.22647527910685805,0.03189792663476874,0.028708133971291867
113,019a5486-ad80-44b4-a9e3-7e7f93e8e6fa.FPKM.txt.gz,0.23328380386329867,0.007429420505200594,0.46953937592867756,0.2303120356612184,0.02674591381872214,0.03268945022288262
114,1294d2f0-3a01-45b8-9e18-f5da4fbe8223.FPKM.txt.gz,0.19215686274509805,0.013725490196078431,0.5627450980392157,0.17058823529411765,0.0392156862745098,0.021568627450980392
115,f5e4c398-d9db-4cd0-bd12-3751a624d377.FPKM.txt.gz,0.21835443037974683,0.006329113924050633,0.5158227848101266,0.20727848101265822,0.03322784810126582,0.0189873417721519
116,ea1b4005-545a-4fa3-a3d7-a2dbd1bcc744.FPKM.txt.gz,0.17770034843205576,0.003484320557491289,0.5331010452961672,0.24041811846689895,0.0156794425087108,0.029616724738675958
117,a4c7b6e8-ed30-42b2-9daa-0cf0b9d59259.FPKM.txt.gz,0.162217659137577,0.002053388090349076,0.5811088295687885,0.22176591375770022,0.014373716632443531,0.018480492813141684
118,d65401e7-2bde-4b7e-b901-c173dd3cd33d.FPKM.txt.gz,0.20186335403726707,0.004658385093167702,0.4968944099378882,0.24378881987577639,0.023291925465838508,0.029503105590062112
119,4b19c0e2-2a61-4f0a-9257-4a528e6b320e.FPKM.txt.gz,0.17229129662522202,0.003552397868561279,0.5293072824156305,0.2468916518650089,0.02664298401420959,0.021314387211367674
120,7acdfb7e-882e-43cb-a449-e1bff9869637.FPKM.txt.gz,0.21099290780141844,0.005319148936170213,0.5638297872340425,0.16489361702127658,0.03546099290780142,0.01950354609929078
121,c22879b5-4183-4c3c-804b-f6cef1df617e.FPKM.txt.gz,0.22033898305084745,0.007532956685499058,0.5329566854990584,0.17890772128060264,0.035781544256120526,0.02448210922787194
122,ecefab08-36f5-4a49-9e4d-9e6def0d747e.FPKM.txt.gz,0.18585858585858586,0.00202020202020202,0.5555555555555556,0.2101010101010101,0.030303030303030304,0.01616161616161616
123,754aad86-ccb1-4716-84fc-abe77e4b3e2d.FPKM.txt.gz,0.218018018018018,0.0018018018018018018,0.5387387387387388,0.18558558558558558,0.03423423423423423,0.021621621621621623
124,6b59b355-7581-426d-98c1-36e132a77c4e.FPKM.txt.gz,0.23469387755102042,0.00510204081632653,0.47619047619047616,0.23809523809523808,0.015306122448979591,0.030612244897959183
125,abd58426-924c-47c2-99f3-102e93a3d341.FPKM.txt.gz,0.2064516129032258,0.004838709677419355,0.5145161290322581,0.21935483870967742,0.03387096774193549,0.020967741935483872
126,b033c85a-2395-4ced-a84d-ac1fbce674bf.FPKM.txt.gz,0.15918367346938775,0.012244897959183673,0.536734693877551,0.24081632653061225,0.02040816326530612,0.030612244897959183
127,4d8ca8d3-eec4-4dee-9805-4a84fa1f1716.FPKM.txt.gz,0.21138211382113822,0.0065040650406504065,0.5138211382113821,0.2146341463414634,0.03414634146341464,0.01951219512195122
128,4ce949d4-55e1-4e4b-a6d3-d2910ae3b448.FPKM.txt.gz,0.17696160267111852,0.005008347245409015,0.5108514190317195,0.25542570951585974,0.018363939899833055,0.0333889816360601
129,64262505-9f17-4989-94c9-fc6db56ca676.FPKM.txt.gz,0.2127659574468085,0.007736943907156673,0.5415860735009671,0.18762088974854932,0.03481624758220503,0.015473887814313346
130,c0838214-75ee-4668-85fe-4247b8e5ea1c.FPKM.txt.gz,0.20508982035928144,0.004491017964071856,0.49101796407185627,0.2440119760479042,0.02694610778443114,0.02844311377245509
131,7403bf3f-1678-4b86-b094-c87c993e583f.FPKM.txt.gz,0.23424878836833601,0.004846526655896607,0.4798061389337641,0.2294022617124394,0.027463651050080775,0.024232633279483037
132,a32c6a56-997e-46b6-8da9-fcfe24aafc08.FPKM.txt.gz,0.1890909090909091,0.007272727272727273,0.5690909090909091,0.18,0.034545454545454546,0.02
133,e023c283-afcf-4334-b741-3dce8e98b0f6.FPKM.txt.gz,0.20440251572327045,0.0031446540880503146,0.5141509433962265,0.21855345911949686,0.026729559748427674,0.0330188679245283
134,8cc12fdc-c850-42a3-9aac-eae3ac9b21a0.FPKM.txt.gz,0.2185430463576159,0.008278145695364239,0.5182119205298014,0.2052980132450331,0.0347682119205298,0.014900662251655629
135,4bf2bea7-00ef-485c-b9e5-035f0ea62b1d.FPKM.txt.gz,0.21124361158432708,0.005110732538330494,0.524701873935264,0.21294718909710392,0.03236797274275979,0.013628620102214651
136,757b49f6-849d-45d9-a182-4caa6c527fc2.FPKM.txt.gz,0.1968503937007874,0.001968503937007874,0.5511811023622047,0.18503937007874016,0.03740157480314961,0.027559055118110236
137,d2ba49d2-5207-495c-97b3-d70ebef30c7d.FPKM.txt.gz,0.20434782608695654,0.017391304347826087,0.5413043478260869,0.1673913043478261,0.043478260869565216,0.02608695652173913
138,e4e0ed55-a9f4-4978-9aa5-7a6f892ebb53.FPKM.txt.gz,0.2134251290877797,0.0068846815834767644,0.53184165232358,0.18932874354561102,0.03614457831325301,0.022375215146299483
139,ce137517-0320-46dd-b4e0-82c02773ba97.FPKM.txt.gz,0.22298456260720412,0.005145797598627788,0.5317324185248714,0.18867924528301888,0.036020583190394515,0.015437392795883362
140,fcdaa827-e263-46e0-8a83-206fa5a009ba.FPKM.txt.gz,0.17611336032388664,0.008097165991902834,0.5769230769230769,0.18016194331983806,0.04048582995951417,0.018218623481781375
141,801d0a1e-b2c9-4e05-bd6b-15322b0458c6.FPKM.txt.gz,0.20270270270270271,0.005067567567567568,0.5287162162162162,0.20270270270270271,0.033783783783783786,0.02702702702702703
142,fd55692a-cd56-459b-8edb-ba83a735e665.FPKM.txt.gz,0.22003034901365706,0.007587253414264037,0.4931714719271624,0.22458270106221548,0.030349013657056147,0.024279210925644917
143,baa3cdc1-1ee8-4aab-80f9-dafa35cc5fbf.FPKM.txt.gz,0.18233082706766918,0.0037593984962406013,0.5714285714285714,0.18796992481203006,0.03007518796992481,0.02443609022556391
144,592f19d7-8afb-4db6-9409-24ded8862985.FPKM.txt.gz,0.2189922480620155,0.015503875968992248,0.5465116279069767,0.16085271317829458,0.03875968992248062,0.01937984496124031
145,dcca8e16-a1d4-48c3-a87a-f409c86104f1.FPKM.txt.gz,0.20666666666666667,0.008333333333333333,0.5416666666666666,0.19,0.035,0.018333333333333333
146,82bfc74a-cb0f-4966-b53e-c7b535ae7f23.FPKM.txt.gz,0.21565217391304348,0.010434782608695653,0.542608695652174,0.17565217391304347,0.036521739130434785,0.019130434782608695
147,e6bec4f4-0b51-43ba-b62b-5af777712488.FPKM.txt.gz,0.2260536398467433,0.0210727969348659,0.5344827586206896,0.16283524904214558,0.040229885057471264,0.01532567049808429
148,fb425afa-26e0-4867-aa6a-cfe1d9fc668a.FPKM.txt.gz,0.19791666666666666,0.013888888888888888,0.5190972222222222,0.21354166666666666,0.03125,0.024305555555555556
149,9d92a96c-a177-469d-b306-5f53aa2fa634.FPKM.txt.gz,0.2251552795031056,0.004658385093167702,0.47360248447204967,0.234472049689441,0.027950310559006212,0.034161490683229816
150,2e941d7e-cb3d-429b-aeff-328325ec6120.FPKM.txt.gz,0.20172413793103447,0.005172413793103448,0.5396551724137931,0.20344827586206896,0.03103448275862069,0.01896551724137931
151,bc4753f9-5ca7-4bc8-b25a-622e1a4cdf5d.FPKM.txt.gz,0.19646365422396855,0.01768172888015717,0.5677799607072691,0.17485265225933203,0.03143418467583497,0.011787819253438114
152,afe5f01a-b3c1-4d24-94cf-27ec0894e308.FPKM.txt.gz,0.1925373134328358,0.011940298507462687,0.491044776119403,0.2373134328358209,0.019402985074626865,0.04776119402985075
153,0211f2ea-a4f6-4a57-8f98-66bf0a327479.FPKM.txt.gz,0.20565149136577707,0.006279434850863423,0.5023547880690737,0.2260596546310832,0.03139717425431711,0.0282574568288854
154,995dbed7-f7be-48fc-be3f-6d24f6639b70.FPKM.txt.gz,0.21232876712328766,0.00684931506849315,0.5376712328767124,0.1969178082191781,0.03595890410958904,0.010273972602739725
155,53c56c46-1618-49ad-9155-46f46d6d3613.FPKM.txt.gz,0.22285714285714286,0.017142857142857144,0.4828571428571429,0.21571428571428572,0.02857142857142857,0.032857142857142856
156,6999d309-8502-49ee-8d80-9d0bde00081f.FPKM.txt.gz,0.2160392798690671,0.01309328968903437,0.49918166939443537,0.20621931260229132,0.03273322422258593,0.03273322422258593
157,2edcaaa7-63b4-40b4-abbe-5d7a84012e60.FPKM.txt.gz,0.22241379310344828,0.01206896551724138,0.5206896551724138,0.18620689655172415,0.03620689655172414,0.022413793103448276
158,c32272b5-a619-4d25-bf35-71835715a159.FPKM.txt.gz,0.22610015174506828,0.006069802731411229,0.4946889226100152,0.21851289833080426,0.028831562974203338,0.025796661608497723
159,6c60605b-a647-481e-976d-f2945740faf8.FPKM.txt.gz,0.23307086614173228,0.009448818897637795,0.49763779527559054,0.2078740157480315,0.029921259842519685,0.02204724409448819
160,e29ce54a-49a1-47a8-82fd-7687cec0d1bb.FPKM.txt.gz,0.20672268907563024,0.005042016806722689,0.5361344537815126,0.1949579831932773,0.03529411764705882,0.021848739495798318
161,cbf61237-f5ba-4fa0-97be-e79e8e75a887.FPKM.txt.gz,0.20761245674740483,0.005190311418685121,0.5467128027681661,0.17993079584775087,0.03633217993079585,0.02422145328719723
162,d578e27f-537c-4aaa-8903-6ffe68346276.FPKM.txt.gz,0.1988527724665392,0.0076481835564053535,0.5831739961759083,0.16061185468451242,0.03824091778202677,0.011472275334608031
163,a62f2229-21de-4876-9735-062659ccdcbf.FPKM.txt.gz,0.21731748726655348,0.010186757215619695,0.5178268251273345,0.2071307300509338,0.03225806451612903,0.015280135823429542
164,44caf0b5-d05f-49fd-b8ec-c32d0003c5f4.FPKM.txt.gz,0.22955974842767296,0.006289308176100629,0.5078616352201258,0.21226415094339623,0.031446540880503145,0.012578616352201259
165,a19d9498-5d19-4aef-9db9-d62deef77142.FPKM.txt.gz,0.22666666666666666,0.01037037037037037,0.46814814814814815,0.24,0.028148148148148148,0.02666666666666667
166,f641a19d-8497-4bc7-9df1-5228adfd5334.FPKM.txt.gz,0.1694915254237288,0.001694915254237288,0.5271186440677966,0.26101694915254237,0.01694915254237288,0.023728813559322035
167,96b44e28-67a2-4781-a85b-c82fe528157d.FPKM.txt.gz,0.21107266435986158,0.0034602076124567475,0.5380622837370242,0.2041522491349481,0.0328719723183391,0.010380622837370242
168,111d998f-4133-436a-9990-64cb293a986e.FPKM.txt.gz,0.1891025641025641,0.003205128205128205,0.5128205128205128,0.2483974358974359,0.014423076923076924,0.03205128205128205
169,9f29fd2f-3231-419c-b7d5-dba6457e523d.FPKM.txt.gz,0.15264187866927592,0.0019569471624266144,0.5577299412915852,0.2622309197651663,0.009784735812133072,0.015655577299412915
170,4a775326-e623-47d4-b105-d32fc21afb8a.FPKM.txt.gz,0.1710843373493976,0.004819277108433735,0.5542168674698795,0.2385542168674699,0.012048192771084338,0.01927710843373494
171,91f35d16-88fd-4729-b4a8-09d26f20ad86.FPKM.txt.gz,0.17575757575757575,0.010101010101010102,0.5292929292929293,0.21616161616161617,0.03232323232323232,0.03636363636363636
172,1943018e-c964-4fd1-b23a-92c1202257b0.FPKM.txt.gz,0.19932998324958123,0.006700167504187605,0.5611390284757118,0.18090452261306533,0.031825795644891124,0.020100502512562814
173,a1218099-ef29-4229-a2ca-e4f69287f31a.FPKM.txt.gz,0.22093023255813954,0.0049833887043189366,0.5182724252491694,0.20764119601328904,0.03322259136212625,0.014950166112956811
174,9ce4048c-b607-4677-b874-647e9c29785d.FPKM.txt.gz,0.20764119601328904,0.006644518272425249,0.5365448504983389,0.19102990033222592,0.03488372093023256,0.023255813953488372
175,8d54214a-1d9b-4fea-9c42-5bbb3cd11da9.FPKM.txt.gz,0.20877192982456141,0.010526315789473684,0.5456140350877193,0.17894736842105263,0.03508771929824561,0.021052631578947368
176,fd39d52c-5ae1-429c-b85c-96321db417d3.FPKM.txt.gz,0.18923933209647495,0.0074211502782931356,0.5473098330241187,0.20593692022263452,0.03525046382189239,0.014842300556586271
177,6d44a9ba-d0f4-4d8b-b368-036d00198d1f.FPKM.txt.gz,0.22641509433962265,0.013207547169811321,0.5433962264150943,0.16792452830188678,0.03773584905660377,0.011320754716981131
178,94719fc5-6ae9-410a-a15b-49ffe3753d2d.FPKM.txt.gz,0.2063253012048193,0.007530120481927711,0.48493975903614456,0.2469879518072289,0.030120481927710843,0.024096385542168676
179,bcae978c-e9b1-4c7a-8691-caf718db5b3a.FPKM.txt.gz,0.21770682148040638,0.005805515239477504,0.4746008708272859,0.24528301886792453,0.02467343976777939,0.03193033381712627
180,fd168f37-df3d-4cf2-881e-c90c61c95fdb.FPKM.txt.gz,0.2288261515601783,0.007429420505200594,0.48439821693907875,0.2213967310549777,0.029717682020802376,0.02823179791976226
181,27b907cb-2b29-4301-aa21-293d97d9b695.FPKM.txt.gz,0.23052959501557632,0.006230529595015576,0.4968847352024922,0.21651090342679127,0.028037383177570093,0.021806853582554516
182,96833a09-14ce-4483-b17d-f4328e0b68f5.FPKM.txt.gz,0.18392857142857144,0.0035714285714285713,0.5339285714285714,0.23214285714285715,0.019642857142857142,0.026785714285714284
183,432d86b3-b5d0-46c0-96d8-d7d5f4e6c3b6.FPKM.txt.gz,0.19047619047619047,0.003284072249589491,0.5188834154351396,0.2348111658456486,0.029556650246305417,0.022988505747126436
184,a1e80ada-950c-439a-a360-f99c02ccec93.FPKM.txt.gz,0.2152317880794702,0.0033112582781456954,0.5248344370860927,0.2052980132450331,0.033112582781456956,0.018211920529801324
185,1d102e83-ede2-460e-ab2e-f42d8db6970e.FPKM.txt.gz,0.17900172117039587,0.0051635111876075735,0.5301204819277109,0.24440619621342513,0.0189328743545611,0.022375215146299483
186,b4474f7c-f371-4ecb-8c2f-cd7b5d5d243b.FPKM.txt.gz,0.20641282565130262,0.008016032064128256,0.5551102204408818,0.16432865731462926,0.04008016032064128,0.026052104208416832
187,fe6c451e-0747-4a02-9d35-59d0a9f4a468.FPKM.txt.gz,0.23124042879019907,0.007656967840735069,0.4670750382848392,0.24042879019908117,0.02909647779479326,0.02450229709035222
188,9023df26-92cb-4dd9-8f2c-629dfaddd88b.FPKM.txt.gz,0.21601489757914338,0.01675977653631285,0.5381750465549349,0.17318435754189945,0.03910614525139665,0.01675977653631285
189,1a33a98d-2df8-4c2d-8042-5d2add5ce54c.FPKM.txt.gz,0.2226027397260274,0.008561643835616438,0.5273972602739726,0.1934931506849315,0.032534246575342464,0.015410958904109588
190,3ed0100a-dea2-4201-bb12-8646875a04b6.FPKM.txt.gz,0.18976545842217485,0.008528784648187633,0.6076759061833689,0.1257995735607676,0.04477611940298507,0.023454157782515993
191,39ea216a-6bff-41bc-a730-350145ffd2eb.FPKM.txt.gz,0.18810289389067525,0.00482315112540193,0.5160771704180064,0.2459807073954984,0.01607717041800643,0.028938906752411574
192,d2fc363b-c14b-441f-9ec6-2a40820d85ab.FPKM.txt.gz,0.203125,0.008680555555555556,0.53125,0.1996527777777778,0.034722222222222224,0.022569444444444444
193,6c6d7c1d-7a53-4877-8cbe-f50a26e7156b.FPKM.txt.gz,0.2,0.002061855670103093,0.5979381443298969,0.1402061855670103,0.041237113402061855,0.018556701030927835
194,99c7b545-c90e-407f-9086-0ef8e108f973.FPKM.txt.gz,0.23857868020304568,0.0,0.5076142131979695,0.20642978003384094,0.030456852791878174,0.01692047377326565
195,0e397288-82e4-48c7-9332-2ce733befdae.FPKM.txt.gz,0.1772357723577236,0.004878048780487805,0.5186991869918699,0.25853658536585367,0.01788617886178862,0.022764227642276424
196,16288ca5-3605-41ad-8842-38a8ac9a4922.FPKM.txt.gz,0.22278481012658227,0.02278481012658228,0.569620253164557,0.11645569620253164,0.04810126582278481,0.020253164556962026
197,30621023-91a3-4b13-bc10-922491b5f9d3.FPKM.txt.gz,0.19047619047619047,0.003663003663003663,0.5402930402930403,0.20512820512820512,0.029304029304029304,0.031135531135531136
198,e7dd2f36-adee-4be2-ae3c-39d7664055e2.FPKM.txt.gz,0.1732142857142857,0.0035714285714285713,0.5357142857142857,0.24642857142857144,0.019642857142857142,0.02142857142857143
199,eaee0d82-cd7e-47a5-859f-59b7bf5ad6a0.FPKM.txt.gz,0.21505376344086022,0.013824884792626729,0.49923195084485406,0.1966205837173579,0.03225806451612903,0.043010752688172046
200,bceffa81-996d-4775-a452-23b31a25daf9.FPKM.txt.gz,0.19851576994434136,0.014842300556586271,0.5417439703153989,0.1836734693877551,0.03896103896103896,0.022263450834879406
201,a526094a-eada-4f8e-a73a-12761c1f25b3.FPKM.txt.gz,0.2182952182952183,0.006237006237006237,0.577962577962578,0.1392931392931393,0.04365904365904366,0.014553014553014554
202,ae53b898-c61d-4137-824a-104a4202299c.FPKM.txt.gz,0.22100313479623823,0.001567398119122257,0.5156739811912225,0.20689655172413793,0.03134796238244514,0.023510971786833857
203,41f067e1-7d50-448c-86fd-bdad3824b2ec.FPKM.txt.gz,0.22734026745913818,0.008915304606240713,0.475482912332838,0.23179791976225855,0.02823179791976226,0.02823179791976226
204,1c421a13-81a2-49de-b0a1-a2c0dc563357.FPKM.txt.gz,0.21887550200803213,0.010040160642570281,0.5522088353413654,0.1566265060240964,0.040160642570281124,0.02208835341365462
205,22d5f0c9-2f95-4a72-b8c6-d98c1bce07f7.FPKM.txt.gz,0.1721698113207547,0.01650943396226415,0.5754716981132075,0.1580188679245283,0.05188679245283019,0.025943396226415096
206,07a95816-646a-4eac-9f44-5ff0d5a3532c.FPKM.txt.gz,0.21621621621621623,0.0047694753577106515,0.5166931637519873,0.20985691573926868,0.030206677265500796,0.022257551669316374
207,d86c50f3-0eed-43e3-b089-2145c75ce7d0.FPKM.txt.gz,0.2088724584103512,0.0036968576709796672,0.5582255083179297,0.17929759704251386,0.03512014787430684,0.014787430683918669
208,bf9e1674-9f2c-4014-808a-1f3f7544e9df.FPKM.txt.gz,0.23275862068965517,0.007183908045977011,0.47126436781609193,0.23132183908045978,0.02442528735632184,0.033045977011494254
209,a5be0ae4-accd-4fa5-84b7-fa8377054755.FPKM.txt.gz,0.17454545454545456,0.007272727272727273,0.5472727272727272,0.2290909090909091,0.012727272727272728,0.02909090909090909
210,4dddb0ad-1c56-4100-9f5e-a0e9722a12f9.FPKM.txt.gz,0.1595744680851064,0.005319148936170213,0.524822695035461,0.2730496453900709,0.02127659574468085,0.015957446808510637
211,4ba6c212-ef90-4ab3-b551-35c05cb6df90.FPKM.txt.gz,0.18294849023090587,0.0017761989342806395,0.5399644760213144,0.2255772646536412,0.028419182948490232,0.021314387211367674
212,082418be-42c4-4717-95f4-755ed21d4366.FPKM.txt.gz,0.23483670295489892,0.003110419906687403,0.5085536547433903,0.20373250388802489,0.03265940902021773,0.017107309486780714
213,1f853089-c40d-4bee-9833-837f327b275a.FPKM.txt.gz,0.2256,0.008,0.52,0.1968,0.0304,0.0192
214,0b27a4e5-3e45-42e7-a965-3e7eb02c037c.FPKM.txt.gz,0.19144981412639406,0.007434944237918215,0.5855018587360595,0.16728624535315986,0.03531598513011153,0.013011152416356878
215,4aef3e8e-65b4-4494-8c05-f0f1b5e0a0a0.FPKM.txt.gz,0.1650485436893204,0.001941747572815534,0.545631067961165,0.24854368932038834,0.013592233009708738,0.02524271844660194
216,93c46e63-3686-4883-a9de-7606ddfc11f0.FPKM.txt.gz,0.21654929577464788,0.014084507042253521,0.5475352112676056,0.1742957746478873,0.02992957746478873,0.017605633802816902
217,87ba691e-883a-4e45-9649-ab80e53c9243.FPKM.txt.gz,0.24382716049382716,0.009259259259259259,0.4645061728395062,0.22376543209876543,0.027777777777777776,0.030864197530864196
218,bc7f010c-02d8-4cde-ac36-f11eb5d0042b.FPKM.txt.gz,0.2018867924528302,0.009433962264150943,0.5547169811320755,0.17547169811320754,0.03962264150943396,0.018867924528301886
219,d5f0ea64-6660-49ac-a37e-3cd747045147.FPKM.txt.gz,0.2627906976744186,0.0069767441860465115,0.4441860465116279,0.14186046511627906,0.013953488372093023,0.13023255813953488
220,b76eefac-da30-4ee4-9670-4afc45f86b4b.FPKM.txt.gz,0.2113144758735441,0.0033277870216306157,0.5224625623960066,0.2079866888519135,0.03494176372712146,0.019966722129783693
221,bb12bb45-2c4a-46dc-98dd-9acbe2a0c4ee.FPKM.txt.gz,0.20471014492753623,0.0036231884057971015,0.5416666666666666,0.19021739130434784,0.030797101449275364,0.028985507246376812
222,86a3c9bd-5095-4ef2-a676-7c29d9f4db4b.FPKM.txt.gz,0.20516962843295639,0.009693053311793215,0.5169628432956381,0.21163166397415187,0.035541195476575124,0.0210016155088853
223,bdd8c340-250b-474a-8802-7653b7884ced.FPKM.txt.gz,0.21189591078066913,0.007434944237918215,0.5594795539033457,0.16356877323420074,0.03717472118959108,0.020446096654275093
224,ab322811-e8fb-41c5-8437-d774fea552e1.FPKM.txt.gz,0.188911704312115,0.014373716632443531,0.5831622176591376,0.1540041067761807,0.04106776180698152,0.018480492813141684
225,d3c28191-633f-4e3b-b22d-d5cd4d8686fa.FPKM.txt.gz,0.17667238421955403,0.003430531732418525,0.5368782161234992,0.23156089193825044,0.0274442538593482,0.024013722126929673
226,35d82424-20d4-4d27-940f-770d4e0505fa.FPKM.txt.gz,0.22169059011164274,0.004784688995215311,0.5055821371610846,0.22807017543859648,0.030303030303030304,0.009569377990430622
227,05c907d7-e28f-4f9d-9df3-64ee7b3a8c8e.FPKM.txt.gz,0.20854700854700856,0.006837606837606838,0.5316239316239316,0.20341880341880342,0.02735042735042735,0.022222222222222223
228,528dfb33-8225-469d-bd57-d1c5ec8991bb.FPKM.txt.gz,0.21232876712328766,0.003424657534246575,0.535958904109589,0.1952054794520548,0.03424657534246575,0.018835616438356163
229,e53f1c7e-2846-491a-9517-7215f4af2f74.FPKM.txt.gz,0.23309352517985613,0.010071942446043165,0.4805755395683453,0.21726618705035972,0.02877697841726619,0.030215827338129497
230,97745843-751b-4437-82e0-31ed8c323e91.FPKM.txt.gz,0.17567567567567569,0.005067567567567568,0.5253378378378378,0.24324324324324326,0.02364864864864865,0.02702702702702703
231,4ce3e99a-a195-414c-a967-7d3795d48934.FPKM.txt.gz,0.22188449848024316,0.00911854103343465,0.4969604863221885,0.2127659574468085,0.030395136778115502,0.028875379939209727
232,3ef6e68c-dde3-4c06-9a68-e99db9fb2a5c.FPKM.txt.gz,0.19864176570458403,0.006791171477079796,0.5314091680814941,0.2071307300509338,0.03395585738539898,0.022071307300509338
