i_doc,doc,Topic 1,Topic 2,Topic 3,Topic 4
0,87fcecde-b317-4518-bea1-cc8d14a18107.FPKM.txt.gz,0.29420287067071443,0.2985982217562766,0.39111987121045894,0.01607903636255011
1,bbf9a30d-3067-491b-9aea-0cb9bed91969.FPKM.txt.gz,0.35114337727357287,0.3007993066439639,0.3434990559876626,0.004558260094800613
2,c909a75f-23e8-4c96-82f2-72e46fdb8155.FPKM.txt.gz,0.45596597196830974,0.4497950273723267,0.0894872244739477,0.004751776185415833
3,1c89ff2f-6e0a-4244-952b-1391dba1b815.FPKM.txt.gz,0.5065439822266251,0.2905586815497812,0.20122367047274775,0.0016736657508457774
4,2a6ae2e8-733f-4349-8eec-d25e2b4abf86.FPKM.txt.gz,0.3441655398328212,0.24058935737903947,0.4014245427186936,0.013820560069445742
5,0a2c1866-d6e1-4add-bcb0-b297ba1394ac.FPKM.txt.gz,0.32835463226699985,0.30845612092058544,0.35697208435838074,0.0062171624540339485
6,cf1a1478-68c1-431b-86cb-c4ddb105accf.FPKM.txt.gz,0.31325823608953446,0.2434627314994788,0.4365699697056819,0.006709062705304819
7,eab58571-a6f1-4bc4-aa01-0df9c4beb79f.FPKM.txt.gz,0.3233539339261923,0.3021560969513352,0.3730948595344206,0.0013951095880518683
8,07ad35fc-1e35-43b3-a252-193323d5e680.FPKM.txt.gz,0.504039144906972,0.28079781757029415,0.21384237824535002,0.001320659277383787
9,700fa398-8999-430e-a52d-0e7a40a2d45b.FPKM.txt.gz,0.6004571597934554,0.3081448812745744,0.09071677303162197,0.0006811859003482432
10,c56cda8a-0755-4715-9c46-5bc6280a5bf0.FPKM.txt.gz,0.5244628488432141,0.2840724216668794,0.1900134287434431,0.0014513007464633336
11,8970e6da-5904-483d-8770-0ede67f98cf4.FPKM.txt.gz,0.26363843889081845,0.13217060294988497,0.5990801513911377,0.00511080676815906
12,74dfc8ec-405b-4ffa-a282-daac57bf4d01.FPKM.txt.gz,0.2430740611073494,0.4315937897626777,0.3221209662233901,0.003211182906582885
13,ec27c2ca-312a-4e06-bc8f-ca8cb085ab3e.FPKM.txt.gz,0.0679777605642059,0.08362103955469859,0.8467867386579587,0.001614461223136825
14,78e16228-2d9f-4e19-bbd2-b0bb85e8faa2.FPKM.txt.gz,0.2869751739234918,0.26067785748186156,0.4477344544216202,0.004612514173026535
15,512b0f65-4ee9-4d01-b453-075499fe9d83.FPKM.txt.gz,0.3290055652231712,0.17029246909587065,0.49936280069106204,0.0013391649898961023
16,6632e6de-5170-4096-a298-078b6bfd3760.FPKM.txt.gz,0.34511081609319555,0.33567177021605316,0.3181473550817211,0.0010700586090302633
17,b44cdb13-1812-4bf6-825e-edae5bc5376a.FPKM.txt.gz,0.5346645253755684,0.3455575844614338,0.11871854014617181,0.0010593500168258852
18,e54638eb-8b35-4cf1-af4e-3411dfbd1ba2.FPKM.txt.gz,0.13315612734487925,0.7356719514741,0.13054233530597817,0.0006295858750426519
19,c8c58445-3c7f-4c98-85b0-6a707c3d8473.FPKM.txt.gz,0.2724877615561021,0.23957866951110302,0.4861390940449149,0.0017944748878799433
20,c3ed7c7a-b80a-4de2-8dfb-b60bcf336375.FPKM.txt.gz,0.27892929992831883,0.22089607706603423,0.4889665086501745,0.011208114355472453
21,24d7f10a-ac34-4f7e-8424-d2fc0d32ac58.FPKM.txt.gz,0.4995786117729766,0.17783691542300595,0.3153308462608091,0.007253626543208416
22,e6981360-42ea-402a-aead-f6f2b31ef30c.FPKM.txt.gz,0.3347728934457598,0.18483127627955345,0.4789421457404151,0.0014536845342716276
23,ad778372-ad13-4d11-ac15-900de7d9637a.FPKM.txt.gz,0.34911848101284243,0.44927811626761643,0.20082355042686953,0.0007798522926716362
24,3067f41a-e3f1-47f5-9545-56d54fa75b98.FPKM.txt.gz,0.41842888708053483,0.20992792939438543,0.37012282677091984,0.0015203567541599025
25,63b48baa-7826-4b1e-ae67-7cdbd36a4e92.FPKM.txt.gz,0.34090858627354825,0.3283097204865132,0.327624133821585,0.0031575594183535934
26,720b9121-0bc4-4ff8-8a36-f146fea4da3c.FPKM.txt.gz,0.2875107391334063,0.26951185803465183,0.44004380408342686,0.0029335987485149197
27,2656413d-a5d2-4812-9ce9-a02c15ab04bd.FPKM.txt.gz,0.05759192823808281,0.04347777266950359,0.07070120772842807,0.8282290913639856
28,8e5a3c88-35f5-4620-86d7-53c014a2687b.FPKM.txt.gz,0.37710522950728526,0.25798595100005234,0.3614204638142795,0.0034883556783828333
29,915d5363-e343-4154-86cb-dbef1a586192.FPKM.txt.gz,0.33463218315739307,0.5116682401075445,0.14976851656510257,0.00393106016995985
30,7c4cee3c-a8d6-4016-84e3-106d18d1c2e8.FPKM.txt.gz,0.31533282899806847,0.25711514656593903,0.413623225050618,0.013928799385374488
31,3ab61b3d-13bd-4fca-ac15-f70acbce447c.FPKM.txt.gz,0.659177912472903,0.2504163791996086,0.08993011687270157,0.00047559145478672394
32,2d3e6de2-dc7c-4078-8d1c-aecac52b4a44.FPKM.txt.gz,0.07049411082537295,0.04007266122086415,0.8887168859792077,0.0007163419745552091
33,00511204-3512-4a5e-b664-60271e968903.FPKM.txt.gz,0.019357353551479273,0.037079879010276026,0.9433437953323217,0.00021897210592299778
34,f1d5de66-76f3-4911-a877-3571069649a8.FPKM.txt.gz,0.2653546537153061,0.2404125876438529,0.49329279671134946,0.0009399619294916908
35,e3067466-096f-4bea-993f-b0469a7e11e3.FPKM.txt.gz,0.29077302810473743,0.4656640540986004,0.23893811694395256,0.004624800852709566
36,67418961-d894-42a9-ae6a-21f41e6ca9bf.FPKM.txt.gz,0.28961880115299116,0.3342355732552802,0.374465478327503,0.0016801472642256146
37,96ddce60-2be5-4f57-814b-35722aa00fd9.FPKM.txt.gz,0.25099211556109635,0.14170655554911926,0.5973612602810827,0.009940068608701617
38,e8201ee9-2e0a-4a8e-bc99-6e2482da919d.FPKM.txt.gz,0.319345112121686,0.43941942200307144,0.23630540322538704,0.004930062649855632
39,bf247059-bf60-4e1f-a865-6e715e2db9a2.FPKM.txt.gz,0.40742408862557167,0.37206628942288644,0.21910796490824339,0.001401657043298356
40,e91a54c8-5b35-47e6-a65d-0e3b07b31d40.FPKM.txt.gz,0.07674199932841264,0.05446991449082835,0.867798329124105,0.0009897570566539267
41,7f2c3de9-a1b9-413a-821c-02dbcad4ea0b.FPKM.txt.gz,0.2897912150075322,0.2620539712130974,0.440350238552699,0.007804575226671315
42,d6bbcaba-61a7-4360-bc15-1426f8eafa82.FPKM.txt.gz,0.2637384272443218,0.42602041818118486,0.30736560933535945,0.0028755452391337807
43,ab1f0023-6b52-41b6-9867-87599e4d6d60.FPKM.txt.gz,0.6205067165596214,0.23703314564642675,0.14067011092895634,0.0017900268649955078
44,94dcaa51-315e-43d9-875c-4c4ae2e9bef3.FPKM.txt.gz,0.033561500442140284,0.69694079360078,0.05370186775421601,0.2157958382028638
45,6a818968-d75b-44b5-8b1e-53ff8274ea92.FPKM.txt.gz,0.3763718720140234,0.20720214644661036,0.4152312980871827,0.0011946834521834907
46,f790ef4c-71bf-43a7-a610-4006a4c0a42c.FPKM.txt.gz,0.2193819899857432,0.6074946877042193,0.1715198921934919,0.001603430116545638
47,ee6beadb-79ab-4f2f-87cc-bba566e6bc24.FPKM.txt.gz,0.1504198779056875,0.6670308981522738,0.17129977719089828,0.01124944675114043
48,0d38dab7-b983-4829-9a5b-d79f0fee6f26.FPKM.txt.gz,0.26385757296980483,0.18426068996645945,0.5109760799855233,0.04090565707821246
49,ba65f95e-4a58-4378-925b-60f864c4f5de.FPKM.txt.gz,0.29304336271231013,0.23303606482372513,0.47286210847604976,0.001058463987914933
50,0b5a79f8-be5b-4b72-b5e9-a764a70b2b38.FPKM.txt.gz,0.3636681005427659,0.4299201811532662,0.20457729780988418,0.00183442049408385
51,6f618400-b914-4103-bf46-9c026b470aa0.FPKM.txt.gz,0.3385545385042354,0.33216129398028993,0.31219457439641946,0.017089593119055134
52,609420eb-0650-4187-8b48-cb1ea5fa0d8d.FPKM.txt.gz,0.2532732481517058,0.20620898440774818,0.5390043008263444,0.0015134666142015464
53,05eb3daf-d392-4ede-87d6-8f0aef8b6372.FPKM.txt.gz,0.3712498733750417,0.12042805586920487,0.5065960882386404,0.0017259825171129825
54,27035d6f-4b2d-48ef-ae2b-b3cf52d67903.FPKM.txt.gz,0.18978796237181056,0.13975684360338242,0.444742289661919,0.22571290436288793
55,133909c8-05bc-41ea-97aa-44eb699da75f.FPKM.txt.gz,0.6687398181764779,0.15984835608348336,0.17051979457516067,0.0008920311648780801
56,4dcd18d6-b7b2-4a92-bcbe-361c7278e84e.FPKM.txt.gz,0.23359262214551182,0.17698007164451707,0.5877405412004149,0.001686765009556252
57,26bfd2ed-0d81-48ae-afd5-cf61b249bc14.FPKM.txt.gz,0.1851106497681308,0.275289841686594,0.5362834554410005,0.003316053104274701
58,9ae1330c-a197-416a-9d5f-3ca16b36ec90.FPKM.txt.gz,0.3091799800167598,0.44108948512029295,0.24810031845131048,0.001630216411636868
59,4f6e9a85-31c9-468b-b121-1e235f159010.FPKM.txt.gz,0.29941594762329715,0.3278117063911026,0.37142421300886536,0.0013481329767349934
60,bf78430f-6c70-4e76-ade6-a434e0770d5f.FPKM.txt.gz,0.4384700117697639,0.28342045432269525,0.27693318290837887,0.0011763509991620062
61,8ddc8e8b-d131-4f4e-96ec-078ced613de6.FPKM.txt.gz,0.32899583968049867,0.5341740189856098,0.13460897800006824,0.0022211633338233435
62,ffd7b10e-8c0c-4aeb-81a0-b060108d57fa.FPKM.txt.gz,0.2468406211867159,0.18521471464521397,0.5335274165853386,0.034417247582731444
63,6f2d3476-cfb8-4e9e-abd0-266cc679d0df.FPKM.txt.gz,0.824273144041236,0.1647134750067407,0.010877190360510216,0.00013619059151309665
64,26e8feed-d934-4dbc-8b04-d771b2a65915.FPKM.txt.gz,0.2113766342681694,0.22512614068060366,0.5534041957527636,0.010093029298463469
65,fe07bbb2-6d46-44b4-8363-1e1b8d648660.FPKM.txt.gz,0.32599103884120467,0.2401908668673243,0.4313079730073448,0.002510121284126177
66,fd3c752c-4a40-4ae9-bfb0-b0315eca3d1d.FPKM.txt.gz,0.2754869287337905,0.3663717604085528,0.3518628355335868,0.006278475324069859
67,053e76fc-4063-4039-9bac-bfbe73929d0e.FPKM.txt.gz,0.2978607820103791,0.3664974697638956,0.304853073182418,0.030788675043307248
68,ee7d6b4b-a341-4a9b-9a3a-38526e749cdd.FPKM.txt.gz,0.4106889899012753,0.3942248373346137,0.1936091562034274,0.0014770165606836148
69,7e89a428-9132-4efa-b119-10241f0ecdcc.FPKM.txt.gz,0.28541582551806755,0.3155753436864797,0.3968681341641985,0.0021406966312541346
70,148d950b-4202-4f3f-be15-84735cd08a48.FPKM.txt.gz,0.5946081541782977,0.30634147758729535,0.09861463270285414,0.0004357355315528074
71,648e4d91-e53f-47c8-b343-e224d2a72956.FPKM.txt.gz,0.3051063048970742,0.4114637641802848,0.2810475415377338,0.0023823893849072683
72,aa42dd76-efb1-4fb7-9922-cf54540844e7.FPKM.txt.gz,0.39424470789730226,0.4211447361780803,0.18322969572248865,0.001380860202128642
73,c1f0e689-1d11-4f7d-8386-616efe367e52.FPKM.txt.gz,0.3134941398810761,0.4138086683994484,0.27048010867873357,0.0022170830407418525
74,d4675ebb-2444-4e2f-ade2-5c5af9882399.FPKM.txt.gz,0.4956149582025718,0.3941195403105313,0.10934783102924805,0.0009176704576489708
75,900a1913-f3b7-46ca-88be-c180a5fb5265.FPKM.txt.gz,0.3572357518684231,0.27591528389794184,0.3646970506225763,0.002151913611058788
76,21feac5d-641f-4802-a910-51b73431de3c.FPKM.txt.gz,0.28500301849248355,0.4510025486482538,0.2597135633599298,0.004280869499332824
77,07858399-2ec0-4d01-b197-b362873e56a8.FPKM.txt.gz,0.6081488198539547,0.3239991289564777,0.0665709797951024,0.0012810713944651766
78,0827bd64-de4e-45bc-9e75-a9bdce41f4a5.FPKM.txt.gz,0.6059150524846415,0.27384593366995336,0.1195633054050446,0.0006757084403604704
79,999edb9e-8a45-4115-84d5-fca75dcfa639.FPKM.txt.gz,0.2715420550183888,0.3179030793173643,0.40887939258075995,0.001675473083487001
80,23393a6a-bfbc-4dec-9ab5-e78a487a095f.FPKM.txt.gz,0.31868051660555596,0.39086042299681956,0.2883824145869083,0.0020766458107161594
81,4a9bb3fd-4e75-4585-82f7-7254889b9838.FPKM.txt.gz,0.2813889025696038,0.24746030343283817,0.4696843138552232,0.0014664801423348115
82,22c16f46-950f-4389-bb16-b5cec4d8b94e.FPKM.txt.gz,0.28665026067726607,0.3980026579422669,0.31231258241377846,0.0030344989666886554
83,90d19c5c-f80b-454b-b776-99d13f01617e.FPKM.txt.gz,0.2721511664395036,0.2151241662360842,0.4458050913999263,0.06691957592448576
84,c443bbe4-b053-47fa-a7a9-97457e44e2a0.FPKM.txt.gz,0.3843714304107191,0.2425169064974988,0.36994597384283057,0.0031656892489512764
85,7bcc02ad-a4c7-44e1-8654-10c4598f936d.FPKM.txt.gz,0.0023438118774832557,0.0018217746037122503,0.004332041520014133,0.9915023719987904
86,acf02cd5-270d-40c0-864d-abebe048f309.FPKM.txt.gz,0.2338172062801415,0.2609781763062876,0.3588155187615997,0.14638909865197114
87,bdc7d527-3905-4905-b245-b282883ea3a6.FPKM.txt.gz,0.2820070109972988,0.28495288731708973,0.398623872342157,0.03441622934345452
88,f31566a9-ffde-40fa-b879-71827a3540a9.FPKM.txt.gz,0.32892227416919056,0.16097880324656555,0.5047474318510808,0.005351490733163021
89,e1f960fc-6efa-4492-9f44-8e645ec8bfc2.FPKM.txt.gz,0.21550947413649485,0.2950352144270995,0.3399526117935909,0.14950269964281473
90,3ec6ccd2-6cd9-4094-8a3d-98ae065ff95c.FPKM.txt.gz,0.32532946135362206,0.3337867074336929,0.33844481182330793,0.0024390193893768742
91,552e9a21-3493-4567-8d55-40e7f8009a5f.FPKM.txt.gz,0.32073233380426325,0.28447443192242167,0.3930580211616977,0.0017352131116174254
92,471d762f-bd20-4665-9e2f-cc7ce8f94001.FPKM.txt.gz,0.4455195835445602,0.390670927887971,0.1630392430328289,0.0007702455346398046
93,90c4dd6e-a5cd-44fb-ad0c-8a27d88429c5.FPKM.txt.gz,0.3256715353545483,0.2946241356710201,0.3783949544844588,0.0013093744899728484
94,e1557786-4586-409f-9c5a-a559535f0aa0.FPKM.txt.gz,0.3243880744233448,0.23624449434804995,0.43799923749537895,0.0013681937332263644
95,5d6adefb-ceda-4ef2-a6b9-8077fd618ae6.FPKM.txt.gz,0.32054294205311207,0.2412300469831023,0.43598275724377966,0.0022442537200057988
96,5c006621-470c-4d58-9c59-804988b955d9.FPKM.txt.gz,0.2597786213515493,0.2613910852525325,0.35006280643225557,0.1287674869636625
97,5ec8fcf2-85bc-4c30-9329-62b1cc47b67f.FPKM.txt.gz,0.4675093453472401,0.4456822390446191,0.08619045485778622,0.0006179607503545112
98,ec83d8bd-7f42-4be1-aa49-18b436bf7cce.FPKM.txt.gz,0.3208837871967575,0.3862225273225434,0.2907865858884784,0.0021070995922206717
99,deaa56c1-8031-4c65-b3bc-1228407e06ea.FPKM.txt.gz,0.21019823540307236,0.4759407613013926,0.30590693136277475,0.007954071932760225
100,7bda3c7f-9e51-4e8a-9398-e9dc1dee8c62.FPKM.txt.gz,0.4041487018832786,0.42346097146197004,0.17180320058071166,0.0005871260740396882
101,b73518ee-287c-4130-9da2-61772aa195fc.FPKM.txt.gz,0.27365417215696863,0.42020104546657944,0.3000244157794085,0.006120366597043404
102,fa49537b-edee-4d4f-823d-b6c574d33900.FPKM.txt.gz,0.19040602898073855,0.41400698045116113,0.32400230455746715,0.07158468601063323
103,6cef5fb7-2c60-4ece-87e8-4acff9374fb2.FPKM.txt.gz,0.31998685847114383,0.36014199674062636,0.3173929965489533,0.0024781482392763642
104,2b5c518f-8327-478a-a282-01bfe59aca4c.FPKM.txt.gz,0.5088324257835284,0.15690307750401794,0.3321883031809459,0.0020761935315078903
105,52fe6ec2-36d3-413b-81c7-b79870d74450.FPKM.txt.gz,0.38921547578928484,0.5743279356626213,0.03223562030636739,0.004220968241726461
106,906456e9-96d6-4be0-9d61-73647f6684d9.FPKM.txt.gz,0.2606318988061708,0.20274388234906668,0.4323387908427866,0.1042854280019759
107,e26f2b4a-ca55-4a0c-b8e7-4f1e21aa6dae.FPKM.txt.gz,0.27100938893400267,0.3963731917382613,0.3310555361403345,0.0015618831874015103
108,e740e34f-31fe-4fe4-8965-4e9ec5ec50fd.FPKM.txt.gz,0.09659703843066615,0.19588529694150436,0.706142220779868,0.0013754438479616558
109,98da76dd-0fb5-4313-a277-a122c205e843.FPKM.txt.gz,0.3298060507424029,0.2945698220078274,0.37263853282506837,0.002985594424701398
110,3f500570-271f-4da1-90d5-d60f353521e1.FPKM.txt.gz,0.26425402266810305,0.3073914142874094,0.4255455704432828,0.0028089926012046774
111,0632152a-63d4-422f-a105-de29b83e3523.FPKM.txt.gz,0.32046828729193855,0.41888691191207233,0.2595748125623796,0.0010699882336093973
112,944b1e8d-7219-40a4-ab27-385192062cbf.FPKM.txt.gz,0.42072150793762747,0.3734705029836541,0.20480363666455953,0.0010043524141588852
113,019a5486-ad80-44b4-a9e3-7e7f93e8e6fa.FPKM.txt.gz,0.20049291000018601,0.14430307931281575,0.6515808888192881,0.003623121867710053
114,1294d2f0-3a01-45b8-9e18-f5da4fbe8223.FPKM.txt.gz,0.27848001451171533,0.3372861949457317,0.3768144233289472,0.007419367213605893
115,f5e4c398-d9db-4cd0-bd12-3751a624d377.FPKM.txt.gz,0.2783514192039389,0.30681555273886524,0.41050599994967885,0.004327028107516972
116,ea1b4005-545a-4fa3-a3d7-a2dbd1bcc744.FPKM.txt.gz,0.41829253226700425,0.3199089154168794,0.26078555145465815,0.0010130008614582604
117,a4c7b6e8-ed30-42b2-9daa-0cf0b9d59259.FPKM.txt.gz,0.7647695581763931,0.20271006167774316,0.03191690065593948,0.0006034794899242764
118,d65401e7-2bde-4b7e-b901-c173dd3cd33d.FPKM.txt.gz,0.4386589652266662,0.3308292906027005,0.22932871534324353,0.0011830288273897644
119,4b19c0e2-2a61-4f0a-9257-4a528e6b320e.FPKM.txt.gz,0.5416915278037057,0.35515371523985156,0.10200318676072233,0.0011515701957203848
120,7acdfb7e-882e-43cb-a449-e1bff9869637.FPKM.txt.gz,0.17974713528173347,0.16643600357300842,0.22342866821995389,0.43038819292530417
121,c22879b5-4183-4c3c-804b-f6cef1df617e.FPKM.txt.gz,0.0003693027164869322,0.00030134949095199674,0.0005764733948783495,0.9987528743976827
122,ecefab08-36f5-4a49-9e4d-9e6def0d747e.FPKM.txt.gz,0.2918549997038258,0.4676984305421055,0.23836683822078897,0.0020797315332798773
123,754aad86-ccb1-4716-84fc-abe77e4b3e2d.FPKM.txt.gz,0.31021559013043515,0.21733281749136266,0.4688206249136327,0.0036309674645694243
124,6b59b355-7581-426d-98c1-36e132a77c4e.FPKM.txt.gz,0.02793923240561083,0.02009994309927054,0.9516915900819832,0.00026923441313529966
125,abd58426-924c-47c2-99f3-102e93a3d341.FPKM.txt.gz,0.3145066409046765,0.3381741078726208,0.342727273429938,0.0045919777927648005
126,b033c85a-2395-4ced-a84d-ac1fbce674bf.FPKM.txt.gz,0.4202713686748062,0.33993968455199086,0.2375395706673715,0.0022493761058313844
127,4d8ca8d3-eec4-4dee-9805-4a84fa1f1716.FPKM.txt.gz,0.38103458999780865,0.26169199282181976,0.3556036808226528,0.0016697363577188261
128,4ce949d4-55e1-4e4b-a6d3-d2910ae3b448.FPKM.txt.gz,0.2944337076118332,0.5688400016028535,0.13622697302355802,0.0004993177617551246
129,64262505-9f17-4989-94c9-fc6db56ca676.FPKM.txt.gz,0.3156735626094916,0.2745745502356315,0.40541536080933793,0.004336526345538804
130,c0838214-75ee-4668-85fe-4247b8e5ea1c.FPKM.txt.gz,0.33642541242565804,0.5268275666539343,0.13598933537599486,0.0007576855444128557
131,7403bf3f-1678-4b86-b094-c87c993e583f.FPKM.txt.gz,0.2956725968756055,0.11643773977231218,0.5851737267507418,0.002715936601340654
132,a32c6a56-997e-46b6-8da9-fcfe24aafc08.FPKM.txt.gz,0.27723409691391376,0.44947223215776794,0.2708430865341624,0.0024505843941558356
133,e023c283-afcf-4334-b741-3dce8e98b0f6.FPKM.txt.gz,0.196609145653274,0.6620874644620072,0.13938348117945015,0.0019199087052686327
134,8cc12fdc-c850-42a3-9aac-eae3ac9b21a0.FPKM.txt.gz,0.2596899452956938,0.43111429332806983,0.3075880023784483,0.0016077589977881168
135,4bf2bea7-00ef-485c-b9e5-035f0ea62b1d.FPKM.txt.gz,0.32891819044629605,0.3582689806777827,0.3111356579357845,0.001677170940136623
136,757b49f6-849d-45d9-a182-4caa6c527fc2.FPKM.txt.gz,0.26062762180331056,0.40800509366907284,0.32753846353572713,0.003828820991889578
137,d2ba49d2-5207-495c-97b3-d70ebef30c7d.FPKM.txt.gz,0.24244077360499763,0.27822076744197105,0.4742281021551715,0.005110356797859778
138,e4e0ed55-a9f4-4978-9aa5-7a6f892ebb53.FPKM.txt.gz,0.34789016008556933,0.32002178704980366,0.2712865566834092,0.06080149618121775
139,ce137517-0320-46dd-b4e0-82c02773ba97.FPKM.txt.gz,0.3152364108082213,0.32909301994931395,0.3541615633808134,0.0015090058616513895
140,fcdaa827-e263-46e0-8a83-206fa5a009ba.FPKM.txt.gz,0.35308544663382324,0.27981466718763753,0.3592039620630571,0.00789592411548211
141,801d0a1e-b2c9-4e05-bd6b-15322b0458c6.FPKM.txt.gz,0.31605552158253447,0.3028402555003405,0.374218972060559,0.006885250856565965
142,fd55692a-cd56-459b-8edb-ba83a735e665.FPKM.txt.gz,0.28738725378242613,0.3232474374407524,0.3878658130561491,0.0014994957206723076
143,baa3cdc1-1ee8-4aab-80f9-dafa35cc5fbf.FPKM.txt.gz,0.4430924836300361,0.4345623247900731,0.121468496322643,0.0008766952572477632
144,592f19d7-8afb-4db6-9409-24ded8862985.FPKM.txt.gz,0.17479578965103532,0.1957465393564438,0.6278526614538401,0.0016050095386808514
145,dcca8e16-a1d4-48c3-a87a-f409c86104f1.FPKM.txt.gz,0.27014350774671186,0.3649460565170692,0.36199676149579124,0.0029136742404277196
146,82bfc74a-cb0f-4966-b53e-c7b535ae7f23.FPKM.txt.gz,0.3165268106030319,0.289952139119432,0.38864774868916235,0.004873301588373727
147,e6bec4f4-0b51-43ba-b62b-5af777712488.FPKM.txt.gz,0.10016117127130875,0.128810816422011,0.7681103366876676,0.002917675619012541
148,fb425afa-26e0-4867-aa6a-cfe1d9fc668a.FPKM.txt.gz,0.2932478231422785,0.3734368234807237,0.3321122295105704,0.0012031238664273868
149,9d92a96c-a177-469d-b306-5f53aa2fa634.FPKM.txt.gz,0.48648093379964025,0.29031000916034616,0.22021823864190077,0.002990818398112761
150,2e941d7e-cb3d-429b-aeff-328325ec6120.FPKM.txt.gz,0.35174945637679,0.38342759300796886,0.25952652187555103,0.005296428739690169
151,bc4753f9-5ca7-4bc8-b25a-622e1a4cdf5d.FPKM.txt.gz,0.3366184823978387,0.3977180818392933,0.26356129707729276,0.0021021386855752454
152,afe5f01a-b3c1-4d24-94cf-27ec0894e308.FPKM.txt.gz,0.011069837000616214,0.015562998583653174,0.008472695653942632,0.964894468761788
153,0211f2ea-a4f6-4a57-8f98-66bf0a327479.FPKM.txt.gz,0.4358436475714928,0.38642515829964835,0.17658759624129172,0.001143597887567048
154,995dbed7-f7be-48fc-be3f-6d24f6639b70.FPKM.txt.gz,0.2795138915446563,0.4231505405280563,0.2893436466872628,0.007991921240024532
155,53c56c46-1618-49ad-9155-46f46d6d3613.FPKM.txt.gz,0.2325428633245701,0.2248699285706961,0.5409333135509803,0.0016538945537535486
156,6999d309-8502-49ee-8d80-9d0bde00081f.FPKM.txt.gz,0.2910810074388937,0.4349427276199983,0.2708454277304791,0.003130837210628835
157,2edcaaa7-63b4-40b4-abbe-5d7a84012e60.FPKM.txt.gz,0.2762522338167926,0.2503300588170407,0.4064478445808564,0.06696986278531036
158,c32272b5-a619-4d25-bf35-71835715a159.FPKM.txt.gz,0.22346035034647593,0.2774503300024153,0.4743747932761029,0.02471452637500589
159,6c60605b-a647-481e-976d-f2945740faf8.FPKM.txt.gz,0.3505548126450574,0.21928383101120733,0.4275868870532353,0.002574469290500115
160,e29ce54a-49a1-47a8-82fd-7687cec0d1bb.FPKM.txt.gz,0.29465791573525146,0.38353988322614874,0.3134824533467996,0.008319747691800222
161,cbf61237-f5ba-4fa0-97be-e79e8e75a887.FPKM.txt.gz,0.2529478872271182,0.27471482035339334,0.4477200224035891,0.02461727001589932
162,d578e27f-537c-4aaa-8903-6ffe68346276.FPKM.txt.gz,0.26585945965284014,0.3072732844816537,0.42516144064421857,0.0017058152212876573
163,a62f2229-21de-4876-9735-062659ccdcbf.FPKM.txt.gz,0.21334047716580873,0.5558765933669483,0.22833637701198617,0.002446552455256825
164,44caf0b5-d05f-49fd-b8ec-c32d0003c5f4.FPKM.txt.gz,0.2767512317820067,0.19672573411079058,0.5234369278094776,0.003086106297724966
165,a19d9498-5d19-4aef-9db9-d62deef77142.FPKM.txt.gz,0.2809646401471382,0.3659087633979749,0.34918403620232696,0.00394256025255996
166,f641a19d-8497-4bc7-9df1-5228adfd5334.FPKM.txt.gz,0.3582057736879129,0.5752567095519968,0.0659206158978021,0.0006169008622884017
167,96b44e28-67a2-4781-a85b-c82fe528157d.FPKM.txt.gz,0.408875121592753,0.32158625790147133,0.26818788075326555,0.001350739752510261
168,111d998f-4133-436a-9990-64cb293a986e.FPKM.txt.gz,0.6010469120997067,0.2595157869726132,0.1385361151446887,0.0009011857829913003
169,9f29fd2f-3231-419c-b7d5-dba6457e523d.FPKM.txt.gz,0.6293110022913172,0.3078531898597989,0.06243673112832418,0.00039907672055966114
170,4a775326-e623-47d4-b105-d32fc21afb8a.FPKM.txt.gz,0.15012259715455384,0.7001929483321349,0.1466343765028447,0.0030500780104665776
171,91f35d16-88fd-4729-b4a8-09d26f20ad86.FPKM.txt.gz,0.3458140114025457,0.3831026966032694,0.27012542058492994,0.0009578714092550258
172,1943018e-c964-4fd1-b23a-92c1202257b0.FPKM.txt.gz,0.34533272864447845,0.28046310707058186,0.3722609601973394,0.00194320408760042
173,a1218099-ef29-4229-a2ca-e4f69287f31a.FPKM.txt.gz,0.26079765009327094,0.4510225614382522,0.28520117141251333,0.002978617055963431
174,9ce4048c-b607-4677-b874-647e9c29785d.FPKM.txt.gz,0.32189834179392374,0.2899507209143675,0.379567475171137,0.008583462120571804
175,8d54214a-1d9b-4fea-9c42-5bbb3cd11da9.FPKM.txt.gz,0.07568708012258968,0.07156150822157635,0.8510760768453595,0.0016753348104744138
176,fd39d52c-5ae1-429c-b85c-96321db417d3.FPKM.txt.gz,0.38108005054162736,0.325159646916697,0.2862434815351808,0.007516821006494722
177,6d44a9ba-d0f4-4d8b-b368-036d00198d1f.FPKM.txt.gz,0.14486411973694324,0.19542188379855724,0.6571979610414364,0.002516035423063015
178,94719fc5-6ae9-410a-a15b-49ffe3753d2d.FPKM.txt.gz,0.35184814869991715,0.29415933971110536,0.3515322340210436,0.0024602775679339636
179,bcae978c-e9b1-4c7a-8691-caf718db5b3a.FPKM.txt.gz,0.6482126805716463,0.17729679351206595,0.17372584303673674,0.0007646828795511281
180,fd168f37-df3d-4cf2-881e-c90c61c95fdb.FPKM.txt.gz,0.28674882519434225,0.27173474195926367,0.43443860570998805,0.007077827136405972
181,27b907cb-2b29-4301-aa21-293d97d9b695.FPKM.txt.gz,0.22371564749313513,0.23059567916216508,0.541215499092022,0.004473174252677781
182,96833a09-14ce-4483-b17d-f4328e0b68f5.FPKM.txt.gz,0.007243908172993309,0.0076100851703939714,0.0037487907863869574,0.9813972158702257
183,432d86b3-b5d0-46c0-96d8-d7d5f4e6c3b6.FPKM.txt.gz,0.48540340529341797,0.3696020472059201,0.143374586538744,0.0016199609619179278
184,a1e80ada-950c-439a-a360-f99c02ccec93.FPKM.txt.gz,0.20804172623504272,0.32063517971864486,0.3498404318567103,0.121482662189602
185,1d102e83-ede2-460e-ab2e-f42d8db6970e.FPKM.txt.gz,0.4202954730684894,0.42960052286806827,0.14906413090468004,0.0010398731587622863
186,b4474f7c-f371-4ecb-8c2f-cd7b5d5d243b.FPKM.txt.gz,0.29298459649504294,0.31633953919597446,0.38292363390355116,0.007752230405431474
187,fe6c451e-0747-4a02-9d35-59d0a9f4a468.FPKM.txt.gz,0.09450165835900945,0.4289694744985132,0.32840957957046185,0.14811928757201537
188,9023df26-92cb-4dd9-8f2c-629dfaddd88b.FPKM.txt.gz,0.148013464037473,0.23442438291760082,0.6092377347273118,0.00832441831761445
189,1a33a98d-2df8-4c2d-8042-5d2add5ce54c.FPKM.txt.gz,0.25524153122978827,0.29724118938450395,0.4455671083780299,0.0019501710076779413
190,3ed0100a-dea2-4201-bb12-8646875a04b6.FPKM.txt.gz,0.21860846983678658,0.18970890712301486,0.27976028343006637,0.3119223396101322
191,39ea216a-6bff-41bc-a730-350145ffd2eb.FPKM.txt.gz,0.4477165499608541,0.32308397365212926,0.22664780912436533,0.002551667262651338
192,d2fc363b-c14b-441f-9ec6-2a40820d85ab.FPKM.txt.gz,0.31177611405847294,0.32304343698697463,0.35744401100758316,0.007736437946969278
193,6c6d7c1d-7a53-4877-8cbe-f50a26e7156b.FPKM.txt.gz,0.26759490400138297,0.20673790335767275,0.4523779349589642,0.07328925768198014
194,99c7b545-c90e-407f-9086-0ef8e108f973.FPKM.txt.gz,0.1987914326646898,0.17597493548246398,0.6232345345279576,0.0019990973248884074
195,0e397288-82e4-48c7-9332-2ce733befdae.FPKM.txt.gz,0.3866239436541233,0.4349618660673404,0.1775021297292047,0.0009120605493315461
196,16288ca5-3605-41ad-8842-38a8ac9a4922.FPKM.txt.gz,0.11323962946377122,0.23520916826374913,0.6502526406689385,0.001298561603541041
197,30621023-91a3-4b13-bc10-922491b5f9d3.FPKM.txt.gz,0.25539003428781815,0.38038246188458724,0.36313429947574677,0.0010932043518478338
198,e7dd2f36-adee-4be2-ae3c-39d7664055e2.FPKM.txt.gz,0.2660396908529752,0.6011840840125864,0.13145288149655487,0.0013233436378835039
199,eaee0d82-cd7e-47a5-859f-59b7bf5ad6a0.FPKM.txt.gz,0.0038848470168728407,0.0028926626272349357,0.007267464952771011,0.9859550254031212
200,bceffa81-996d-4775-a452-23b31a25daf9.FPKM.txt.gz,0.22866612024086053,0.3337175794309612,0.4362561271635694,0.0013601731646090483
201,a526094a-eada-4f8e-a73a-12761c1f25b3.FPKM.txt.gz,0.26631141691200755,0.29889201716541197,0.4132309676895044,0.02156559823307616
202,ae53b898-c61d-4137-824a-104a4202299c.FPKM.txt.gz,0.3307355025889263,0.25189922313187463,0.41567044457642366,0.001694829702775491
203,41f067e1-7d50-448c-86fd-bdad3824b2ec.FPKM.txt.gz,0.23788234429170418,0.15845831866563953,0.5887105586100004,0.014948778432655905
204,1c421a13-81a2-49de-b0a1-a2c0dc563357.FPKM.txt.gz,0.11168363950186011,0.11848046859233242,0.211809255860105,0.5580266360457024
205,22d5f0c9-2f95-4a72-b8c6-d98c1bce07f7.FPKM.txt.gz,0.250086495021117,0.42320402509186184,0.3144780805498979,0.012231399337123177
206,07a95816-646a-4eac-9f44-5ff0d5a3532c.FPKM.txt.gz,0.29790121356677174,0.23153390722422038,0.3914203038726472,0.07914457533636067
207,d86c50f3-0eed-43e3-b089-2145c75ce7d0.FPKM.txt.gz,0.3100311292359119,0.2870716755697965,0.40048195513246604,0.002415240061825556
208,bf9e1674-9f2c-4014-808a-1f3f7544e9df.FPKM.txt.gz,0.15598604246261533,0.2956135634273822,0.5465962361340987,0.0018041579759037125
209,a5be0ae4-accd-4fa5-84b7-fa8377054755.FPKM.txt.gz,0.49452308283889873,0.39313977997009797,0.11135532489025385,0.000981812300749522
210,4dddb0ad-1c56-4100-9f5e-a0e9722a12f9.FPKM.txt.gz,0.04694811363606188,0.9384247967748713,0.014274441555599376,0.00035264803346745895
211,4ba6c212-ef90-4ab3-b551-35c05cb6df90.FPKM.txt.gz,0.4272741002007955,0.45918993283438425,0.11262028035209586,0.0009156866127242905
212,082418be-42c4-4717-95f4-755ed21d4366.FPKM.txt.gz,0.23963046668847013,0.34772727000058845,0.4112177605293093,0.0014245027816320878
213,1f853089-c40d-4bee-9833-837f327b275a.FPKM.txt.gz,0.27784228080260764,0.19179440650316962,0.5264451473715165,0.003918165322706193
214,0b27a4e5-3e45-42e7-a965-3e7eb02c037c.FPKM.txt.gz,0.2977682438448462,0.398608949874706,0.30153213871241685,0.0020906675680308602
215,4aef3e8e-65b4-4494-8c05-f0f1b5e0a0a0.FPKM.txt.gz,0.4351840407243293,0.4223847855226894,0.14152046423957074,0.0009107095134107985
216,93c46e63-3686-4883-a9de-7606ddfc11f0.FPKM.txt.gz,0.2855799089001482,0.2854211955459864,0.4268572753058565,0.002141620248008964
217,87ba691e-883a-4e45-9649-ab80e53c9243.FPKM.txt.gz,0.23084197308260743,0.0779527024654762,0.6867568324935598,0.004448491958356589
218,bc7f010c-02d8-4cde-ac36-f11eb5d0042b.FPKM.txt.gz,0.2397857556819942,0.40555717782809575,0.32409283832019614,0.03056422816971395
219,d5f0ea64-6660-49ac-a37e-3cd747045147.FPKM.txt.gz,0.00021848922148664788,0.990598312487996,0.009137020022405849,4.617826811158316e-05
220,b76eefac-da30-4ee4-9670-4afc45f86b4b.FPKM.txt.gz,0.328334396029829,0.3046109195974729,0.3638623320191728,0.0031923523535253902
221,bb12bb45-2c4a-46dc-98dd-9acbe2a0c4ee.FPKM.txt.gz,0.3377533845436548,0.4498120157498764,0.21117573070982593,0.0012588689966427837
222,86a3c9bd-5095-4ef2-a676-7c29d9f4db4b.FPKM.txt.gz,0.3211479532953468,0.3062338278384393,0.37027275340573274,0.0023454654604812618
223,bdd8c340-250b-474a-8802-7653b7884ced.FPKM.txt.gz,0.26359531382885126,0.25339099411634686,0.44457018341448473,0.03844350864031723
224,ab322811-e8fb-41c5-8437-d774fea552e1.FPKM.txt.gz,0.3209539708665924,0.24257548595373782,0.4182085605697293,0.018261982609940473
225,d3c28191-633f-4e3b-b22d-d5cd4d8686fa.FPKM.txt.gz,0.2660101164847307,0.6104848854684857,0.10183117027416348,0.02167382777262011
226,35d82424-20d4-4d27-940f-770d4e0505fa.FPKM.txt.gz,0.4078758713917624,0.21898780831619308,0.3222283645119946,0.050907955780049946
227,05c907d7-e28f-4f9d-9df3-64ee7b3a8c8e.FPKM.txt.gz,0.2962951653621602,0.4898285503263278,0.21252898987658123,0.0013472944349308767
228,528dfb33-8225-469d-bd57-d1c5ec8991bb.FPKM.txt.gz,0.4432396961024797,0.26070547669378324,0.29441558757596903,0.0016392396277680058
229,e53f1c7e-2846-491a-9517-7215f4af2f74.FPKM.txt.gz,0.3123368145625746,0.17166622060433084,0.46068614266503355,0.05531082216806092
230,97745843-751b-4437-82e0-31ed8c323e91.FPKM.txt.gz,0.3874377192661893,0.2993479881335763,0.31192353586368865,0.0012907567365457316
231,4ce3e99a-a195-414c-a967-7d3795d48934.FPKM.txt.gz,0.34911833067942327,0.22904779644015263,0.41918899090197587,0.0026448819784481957
232,3ef6e68c-dde3-4c06-9a68-e99db9fb2a5c.FPKM.txt.gz,0.406630731300473,0.304591679025629,0.28465225313100845,0.004125336542889584
233,f828b2e0-2ad4-4669-9f1e-2ef2dd74706d.FPKM.txt.gz,0.3245696772690493,0.2527893467866791,0.4212535078198566,0.001387468124414841
234,6a508e94-c094-4c0f-85c3-5ea50b54a399.FPKM.txt.gz,0.2050663387205175,0.2050167537480305,0.5475861039306802,0.04233080360077171
235,15b1a310-59b4-41e8-bbc3-19131f12ee09.FPKM.txt.gz,0.22780987998090627,0.1322697712652186,0.6353227659778612,0.004597582776014033
236,b4824c2d-fed2-4fad-bf6f-797119546006.FPKM.txt.gz,0.046518365124486136,0.08195405024541504,0.8049041107127658,0.0666234739173331
237,b33cca42-eff2-412d-a35b-9b35379f2997.FPKM.txt.gz,0.31519589467274955,0.3088600766961993,0.3736557021301859,0.002288326500865206
238,7d9d7119-4a9e-46f6-b758-153bfcc869a5.FPKM.txt.gz,0.428560833292224,0.26567251875608144,0.3047297036110268,0.0010369443406678847
239,0c2cf133-50aa-44c9-b4a8-5d17ac2f54f4.FPKM.txt.gz,0.2917334313974126,0.20428259726042303,0.50101757679679,0.0029663945453742495
240,462312a9-821f-4049-9712-b937358a60ce.FPKM.txt.gz,0.2214902386037127,0.43730952427926584,0.33966294802565195,0.0015372890913695045
241,996415ad-eec3-4712-a0c7-e099ff6df33b.FPKM.txt.gz,0.3204987062796113,0.23721843562876888,0.43979098663113564,0.0024918714604841613
242,09469727-dd69-43ea-b577-6941f597d6d9.FPKM.txt.gz,0.3626007851622372,0.36702757284381626,0.26575473594571536,0.004616906048231326
243,57b2e9d8-ddae-4457-9959-0d911288e8dc.FPKM.txt.gz,0.18062848264566014,0.11084154230931982,0.7077042301227939,0.0008257449222260719
244,f40edd33-8549-48a2-9fc7-a9313468b155.FPKM.txt.gz,0.18549678167125253,0.08942370209504794,0.7244659258294553,0.0006135904042440958
245,40d9de72-e2ee-4bd1-9c1f-b5a6df9ce3e1.FPKM.txt.gz,0.32037834741336985,0.21495075379905224,0.45810661677119857,0.006564282016379205
246,f4bb4f4b-2e42-4098-9edf-042f1fffea0f.FPKM.txt.gz,0.3279156241237002,0.15987955553804567,0.48982658829705733,0.022378232041196825
247,b938ae4d-f9cc-42d2-bcf4-5dc14e8fb372.FPKM.txt.gz,0.3843966075418276,0.45157703815582734,0.16285215781188436,0.0011741964904607878
248,3db1a6bc-c9e9-48d3-ba3f-394cd2f693c5.FPKM.txt.gz,0.11304247423225307,0.741852630970528,0.1332755676277548,0.011829327169464214
249,71de586e-9fef-4c8e-9c89-1936e9415ab3.FPKM.txt.gz,0.15494368049056964,0.6986375087328782,0.14502911199574325,0.001389698780808929
250,c592e62e-5de0-4c40-8e4c-f56b9546a545.FPKM.txt.gz,0.12312759824019102,0.6713557243315862,0.1630896141891034,0.04242706323911947
251,0f5282f4-e702-41f2-b93f-a1966203879f.FPKM.txt.gz,0.27248523207182934,0.34806190812012466,0.37768030249383,0.0017725573142158668
252,0ecc60d5-6273-41f8-9fbc-70fb6373e47d.FPKM.txt.gz,0.1738003057453265,0.12277802030026944,0.6986478299323555,0.004773844022048547
253,318901b4-4f1c-4017-8113-5115747c6a67.FPKM.txt.gz,0.3199394522212214,0.4900937355078648,0.18910520869662584,0.0008616035742879315
254,79eee19f-5a9c-4e79-83ef-d6871ef4cb6f.FPKM.txt.gz,0.34162171883413567,0.36363908238641074,0.2920621681217233,0.00267703065773024
255,bd7bf37d-b076-4e82-bc73-83454dba8ff1.FPKM.txt.gz,0.2771213041789976,0.18054936813695618,0.5367190342530878,0.005610293430958429
256,a0c9781b-0c1e-4dc0-a3f6-84e938b07641.FPKM.txt.gz,0.021718002026445332,0.018342046677843223,0.958046025689224,0.0018939256064874335
257,41734a51-fd66-4ef9-a7c7-481e19c7674f.FPKM.txt.gz,0.2907861225090603,0.33970216677116866,0.3472486864972417,0.02226302422252924
258,b02d1d2d-13e3-4246-ba2f-ae22d934c776.FPKM.txt.gz,0.3409800976808613,0.2560709196295757,0.3995406147225798,0.0034083679669831782
259,4ffc163b-f5af-407d-aae6-769e4ab354d0.FPKM.txt.gz,0.4725192483301958,0.2954392259761559,0.23079097865060907,0.0012505470430390006
260,7aa14420-27a6-4d42-82e0-f30878a8ab1c.FPKM.txt.gz,0.3338876026899053,0.3356890746838643,0.32821997221566174,0.0022033504105686574
261,b41174a5-4db8-438c-a9fa-6da8c08a9c75.FPKM.txt.gz,0.2557862112219882,0.24060488391260787,0.4586367315343613,0.044972173331042684
262,022a665e-1ed2-4e37-a6cd-911ccdb1dfcf.FPKM.txt.gz,0.07602986044062653,0.10872837369974804,0.8132764984989155,0.0019652673607098822
263,21b33b4b-04e9-4205-919f-8ec6b2e0cca0.FPKM.txt.gz,0.4185528914366883,0.4126617031389582,0.16791078139475898,0.0008746240295944933
264,8c573441-151e-40bc-bb2a-18d6ec2b4ee5.FPKM.txt.gz,0.2740286013557425,0.3907984779287446,0.3298132760749103,0.0053596446406026935
265,249869f5-8812-410c-89f8-2b7df632ac85.FPKM.txt.gz,0.46048122059463703,0.34563067994105257,0.19288322824370424,0.0010048712206060986
266,15f84276-f2b1-42fe-af09-229a77b9ba1a.FPKM.txt.gz,0.27337873225624143,0.23822062595904817,0.4867435086748333,0.0016571331098772198
267,463f2d23-8b4d-45f5-9600-06c2920498ca.FPKM.txt.gz,0.3595459554367546,0.2582316273428058,0.38089508795513494,0.0013273292653045254
268,cbfa8434-6acf-4122-ab58-991efcc6aa6b.FPKM.txt.gz,0.0306707885849043,0.023850039148472356,0.9446710096439203,0.0008081626227030513
269,a7450ed6-711e-4879-b87d-68caabaee840.FPKM.txt.gz,0.3456301730630054,0.33719370083900635,0.3149853071032013,0.002190818994786956
270,7bda8b48-9d55-4d47-bcfc-b5b71d9db7da.FPKM.txt.gz,0.19782928881935605,0.683976071366847,0.1168509139810548,0.001343725832742054
271,6aa147a7-6444-492e-bb01-af0c4d4fe93b.FPKM.txt.gz,0.3234501853878532,0.2863524928058324,0.388047568803545,0.0021497530027693654
272,33fa1673-1d0d-4838-a313-1929c5af60d1.FPKM.txt.gz,0.2988517023028238,0.32904020372866827,0.3710373545921376,0.0010707393763703056
273,79c1a9c6-a12e-4e12-8acd-52a8ea0f9dea.FPKM.txt.gz,0.21361758781159085,0.18565216650281896,0.5992451216281423,0.0014851240574479084
274,e1353694-9f60-442a-a164-5b2aca82419a.FPKM.txt.gz,0.32180778457616976,0.3985704653240038,0.2775329907911467,0.0020887593086796447
275,ea8498cf-e0d1-4c68-8459-36aeeca9dd53.FPKM.txt.gz,0.30577011553999855,0.3648735063204455,0.32562521017652496,0.0037311679630310595
276,61d9afeb-0da7-4f13-973a-2c98e03038e4.FPKM.txt.gz,0.2918536716734149,0.44119143994161425,0.2658272922496927,0.001127596135278295
277,aee34477-7bfd-46c3-88a8-f3e7338a8444.FPKM.txt.gz,0.7856825790840085,0.16965906539199083,0.044322367040515655,0.000335988483485105
278,28dfbaea-e781-4f64-ae7e-d12d49f33675.FPKM.txt.gz,0.0032391303669406612,0.015995855324104608,0.001999676321751187,0.9787653379872036
279,c9b778fa-3a42-4447-8788-efa1dec49899.FPKM.txt.gz,0.2736205877166345,0.36096251552693664,0.3628773610975258,0.0025395356589030787
280,5141c576-e074-4fe4-805e-d58eae3ee198.FPKM.txt.gz,0.42623337800352845,0.39151152103643017,0.1635749337537734,0.018680167206268094
281,49c4c177-b1d5-42e3-acaa-bfa4f6982437.FPKM.txt.gz,0.31527318986490416,0.16395325537262032,0.5189444841485451,0.0018290706139303572
282,88ac1ce3-6538-4bf2-960c-80aebb70a148.FPKM.txt.gz,0.24464667113627345,0.398620880707057,0.35387533652922715,0.0028571116274422903
283,70029e42-3b29-48f5-908e-7cd203103277.FPKM.txt.gz,0.09320244490610188,0.06775103332738104,0.8352101789183314,0.0038363428481855357
284,a19e31ff-1afa-4e25-8c79-28b922052ff2.FPKM.txt.gz,0.25757646175372967,0.5234348493727377,0.2181818215289286,0.0008068673446041763
285,46b3483c-ee02-414e-af72-57313469a30c.FPKM.txt.gz,0.30922207452677514,0.44669025044206323,0.2427988603156886,0.001288814715472966
286,92891ee4-51a0-4e4d-b6db-70fbb2a756bc.FPKM.txt.gz,0.5824504415171808,0.26317030864952184,0.15351040695872228,0.0008688428745748819
287,b0ae2bb5-9b1b-47a3-abc7-76c02bf8a229.FPKM.txt.gz,0.20904448432918163,0.4345054651083187,0.3480579140364251,0.008392136526074536
288,db630aab-54b5-4729-852a-aec20152be99.FPKM.txt.gz,0.21867016904781142,0.11521171297769436,0.6646501570014101,0.0014679609730841032
289,d65ba1da-680e-424f-a82c-e50eba2e64b7.FPKM.txt.gz,0.3468725405819854,0.4202391916206443,0.23148443423393378,0.0014038335634364667
290,23507f34-1c8e-4d83-a1c3-634b49460eb9.FPKM.txt.gz,0.4054349707397798,0.23462077495700936,0.17073243722778997,0.18921181707542079
291,c98b8334-836a-4c3c-b149-b08a7256aa68.FPKM.txt.gz,0.24995844515056842,0.17126119646051674,0.20665398855677464,0.3721263698321402
292,6cec6969-b8e2-4d99-a833-7c6b1ca08179.FPKM.txt.gz,0.3058703049014697,0.25757463772135797,0.3063223007824634,0.130232756594709
293,74b61bc0-93ff-43aa-b495-467f54415731.FPKM.txt.gz,0.3414928595482671,0.1983192611584627,0.4565076070817265,0.003680272211543795
294,d46b61b0-6f34-48ca-8c7d-23ae4d0b1a7c.FPKM.txt.gz,0.13757814014082909,0.1392545656455101,0.6689435046478985,0.05422378956576234
295,16942d90-640a-4f7f-9822-e613cd44b3a7.FPKM.txt.gz,0.4118123871859019,0.37888168651990767,0.2078819478594479,0.001423978434742355
296,3201fd37-ac44-450b-8a85-058ead558da2.FPKM.txt.gz,0.3033847431891845,0.49445459335703723,0.19873156099962716,0.003429102454151026
297,5fb64539-aa50-41c0-9b2c-092455ea02cb.FPKM.txt.gz,0.304358685358954,0.39007757909499435,0.30466371282356025,0.0009000227224914149
298,a963531e-49d4-41c6-b19a-ba5b94b8af94.FPKM.txt.gz,0.28785463366778635,0.4476693498067153,0.26101430342836157,0.0034617130971367227
299,9d52a72f-06cb-4a2d-8aca-63ca74cbde70.FPKM.txt.gz,0.29549461454975484,0.4366105028866408,0.2657357937629848,0.0021590888006196
300,4c05f1ea-cd90-4a8c-b445-fb60850144d1.FPKM.txt.gz,0.3436054572498132,0.3832567621067065,0.26423639760797607,0.008901383035504291
